Municipality,Year,DateComputed,Valuation,Valuation w/ Utils,Municipal,County,State Ed.,Local Ed.,Total Rate,Total Commitment,CollectedOn
Acworth,2020,2020-10-27,96467920,100103637,9.66,2.60,1.97,15.14,29.37,2921681,2023-11-07
Albany,2020,2020-10-27,126836821,130141621,2.20,1.08,1.71,7.06,12.05,1546965,2023-11-07
Alexandria,2020,2020-11-04,183708077,198181477,9.32,1.99,2.20,14.41,27.92,5460145,2023-11-07
Allenstown,2020,2020-11-04,290837887,299434087,9.62,2.76,2.03,14.89,29.30,8652469,2023-11-07
Alstead,2020,2020-12-09,188801709,193481509,5.51,3.46,1.92,13.53,24.42,4692133,2023-11-07
Alton,2020,2020-11-03,1759508114,1769435614,4.25,1.27,2.02,6.41,13.95,24335622,2023-11-07
Amherst,2020,2020-10-29,1698425800,1745846700,5.60,1.20,2.15,19.53,28.48,49267259,2023-11-07
Andover,2020,2020-11-23,287229162,308949462,4.15,2.47,1.96,12.76,21.34,6661925,2023-11-07
Antrim,2020,2020-11-18,239792264,254807364,10.57,1.13,2.05,14.80,28.55,7175969,2023-11-07
Ashland,2020,2020-11-17,243794836,250961136,10.39,1.71,1.96,14.37,28.43,7066530,2023-11-07
Atkinson,2020,2020-11-03,1005666533,1018252133,3.10,0.98,2.10,12.16,18.34,18439900,2023-11-07
Atkinson & Gilmanton Academy Grant (U),2020,2020-11-25,774325,774325,-5.12,5.12,1.97,-1.97,0.00,0,2023-11-07
Auburn,2020,2020-10-28,861073277,874971877,3.22,0.91,1.91,12.44,18.48,15960933,2023-11-07
Barnstead,2020,2020-11-16,595581071,605816952,5.23,1.18,1.86,14.83,23.10,13798833,2023-11-07
Barrington,2020,2020-10-20,1136816135,1157694621,3.69,2.48,1.89,14.71,22.77,25996196,2023-11-07
Bartlett,2020,2020-12-14,1064117913,1073899013,1.54,1.32,2.14,4.66,9.66,10727392,2023-11-07
Bath,2020,2020-10-14,106882843,125216843,4.92,1.86,1.94,14.14,22.86,2813489,2023-11-07
Bean's Grant (U),2020,2020-11-25,1,1,0.00,0.00,0.00,0.00,0.00,0,2023-11-07
Bean's Purchase (U),2020,2020-11-25,1,1,0.00,0.00,0.00,0.00,0.00,0,2023-11-07
Bedford,2020,2020-10-20,4026116157,4092109157,4.24,1.07,2.00,12.71,20.02,81292539,2023-11-07
Belmont,2020,2020-10-27,721057126,734861120,8.34,1.28,2.02,13.70,25.34,18339796,2023-11-07
Bennington,2020,2020-12-02,125119139,128652139,10.99,1.02,1.86,15.52,29.39,3731435,2023-11-07
Benton,2020,2020-11-12,24682989,25642989,-3.92,1.79,2.06,17.97,17.90,455732,2023-11-07
Berlin,2020,2020-11-24,330658323,478007523,19.02,4.63,1.92,10.36,35.93,16819600,2023-11-07
Bethlehem,2020,2020-12-01,269258124,277502024,7.15,1.77,1.90,14.38,25.20,6972306,2023-11-07
Boscawen,2020,2020-11-09,282616655,294189355,8.25,2.55,1.88,14.11,26.79,7780326,2023-11-07
Bow,2020,2020-12-04,1168733773,1272627173,7.11,2.54,1.89,14.04,25.58,32132445,2023-11-07
Bradford,2020,2020-11-23,244734380,249477480,8.90,2.49,1.67,10.80,23.86,5899803,2023-11-07
Brentwood,2020,2020-11-10,676893590,708407990,3.88,0.83,1.83,16.65,23.19,16262210,2023-11-07
Bridgewater,2020,2020-12-03,441628300,449193300,3.00,1.57,1.84,1.97,8.38,3825881,2023-11-07
Bristol,2020,2020-11-18,535089084,557750184,8.10,1.70,1.87,9.02,20.69,11388075,2023-11-07
Brookfield,2020,2020-11-03,124955383,126812883,5.30,1.08,1.93,8.87,17.18,2157360,2023-11-07
Brookline,2020,2020-10-27,660479533,670989733,5.77,1.06,1.87,19.10,27.80,18509861,2023-11-07
Cambridge (U),2020,2020-12-01,9049351,9219051,-4.98,4.94,1.93,-1.89,0.00,-328,2023-11-07
Campton,2020,2020-11-23,422220440,439337540,5.86,1.66,2.00,14.75,24.27,11703154,2023-11-07
Canaan,2020,2020-10-28,340284288,347549588,7.51,1.96,2.02,22.91,34.40,11898029,2023-11-07
Candia,2020,2020-11-17,503047380,511799514,4.45,0.88,1.99,12.72,20.04,10169846,2023-11-07
Canterbury,2020,2020-11-23,257602338,263889938,8.07,3.01,2.21,14.30,27.59,7197828,2023-11-07
Carroll,2020,2020-11-18,332867996,337211396,6.02,5.00,2.14,8.09,21.25,7127948,2023-11-07
Center Harbor,2020,2020-11-03,435200031,437782421,5.94,1.33,2.13,5.93,15.33,6661552,2023-11-07
Chandler's Purchase (U),2020,2020-12-07,37050,44150,-5.03,4.71,1.97,-1.65,0.00,-14,2023-11-07
Charlestown,2020,2020-10-29,258554167,280396567,10.71,3.05,2.14,22.75,38.65,10653235,2023-11-07
Chatham,2020,2020-11-30,59002558,60624358,0.97,1.14,1.79,9.52,13.42,794177,2023-11-07
Chester,2020,2020-11-09,671196790,724599790,7.02,0.89,1.90,10.72,20.53,14547419,2023-11-07
Chesterfield,2020,2020-12-01,516887075,525382807,5.13,4.15,1.96,11.37,22.61,12345531,2023-11-07
Chichester,2020,2020-11-18,315282304,322781804,5.56,2.63,1.91,13.08,23.18,7399658,2023-11-07
Claremont,2020,2020-11-24,705757884,750284384,15.17,2.70,1.92,20.93,40.72,30169489,2023-11-07
Clarksville,2020,2020-11-05,45375872,46860972,3.64,5.05,2.09,5.48,16.26,751306,2023-11-07
Colebrook,2020,2020-10-21,169764381,186958181,11.60,4.48,1.79,9.91,27.78,5298482,2023-11-07
Columbia,2020,2020-10-15,66005591,92049091,2.28,5.15,1.95,6.69,16.07,1419244,2023-11-07
Concord,2020,2020-11-13,4397071859,4632801359,9.32,2.44,1.87,13.13,26.76,124727581,2023-11-07
Conway,2020,2020-11-30,1697953400,1750988000,4.63,1.20,1.95,8.54,16.32,31210908,2023-11-07
Cornish,2020,2020-10-30,190910272,197023472,3.94,2.61,1.88,12.86,21.29,4144024,2023-11-07
Crawford's Purchase (U),2020,2020-12-02,229730,235430,-4.99,4.95,1.93,-1.89,0.00,-12,2023-11-07
Croydon,2020,2020-11-04,108861262,112835862,4.15,2.27,1.64,5.90,13.96,1558920,2023-11-07
Cutt's Grant (U),2020,2020-12-02,1,1,0.00,0.00,0.00,0.00,0.00,0,2023-11-07
Dalton,2020,2020-11-19,78332269,83475269,3.96,5.57,2.13,12.47,24.13,1961304,2023-11-07
Danbury,2020,2020-11-17,109477785,111722635,7.37,3.00,2.06,11.57,24.00,2646519,2023-11-07
Danville,2020,2020-10-28,402155597,417218397,5.08,0.98,2.16,18.08,26.30,10772808,2023-11-07
Deerfield,2020,2020-11-10,679115891,746052291,3.86,0.82,1.71,13.28,19.67,14319387,2023-11-07
Deering,2020,2020-11-09,226451640,239002940,6.80,0.96,1.75,15.30,24.81,5855698,2023-11-07
Derry,2020,2020-11-18,3503740928,3555437130,7.15,0.86,1.88,14.45,24.34,85908484,2023-11-07
Dix Grant (U),2020,2020-12-02,1000284,1000284,-4.91,4.91,1.90,-1.90,0.00,0,2023-11-07
Dixville (U),2020,2020-11-30,8320484,8448784,-9.95,16.53,1.83,-1.81,6.60,55527,2023-11-07
Dorchester,2020,2020-11-13,43947783,44932083,7.55,1.63,1.76,9.92,20.86,927850,2023-11-07
Dover,2020,2020-12-03,3724077750,3814134750,9.19,2.51,1.93,11.22,24.85,93714678,2023-11-07
Dublin,2020,2020-11-12,268913486,273686586,5.81,3.50,1.92,13.40,24.63,6665686,2023-11-07
Dummer,2020,2020-11-04,34351720,99118420,4.81,3.95,1.73,5.84,16.33,1499458,2023-11-07
Dunbarton,2020,2020-11-03,367824818,394363018,3.80,2.63,1.88,13.97,22.28,8673051,2023-11-07
Durham,2020,2020-10-15,1162132663,1230868663,7.79,2.57,2.00,15.37,27.73,33875015,2023-11-07
East Kingston,2020,2020-11-17,373317727,400375027,4.91,0.84,1.90,14.75,22.40,8844592,2023-11-07
Easton,2020,2020-11-24,74710078,75921478,1.40,1.66,1.86,6.94,11.86,895026,2023-11-07
Eaton,2020,2020-10-21,113217683,114582083,5.77,1.13,2.01,5.35,14.26,1609699,2023-11-07
Effingham,2020,2020-11-04,204720016,210314816,8.81,1.07,1.66,9.71,21.25,4418653,2023-11-07
Ellsworth,2020,2020-11-23,19063628,19448628,3.34,1.48,1.51,8.73,15.06,291315,2023-11-07
Enfield,2020,2020-10-29,573473334,582669034,7.10,1.78,2.00,14.57,25.45,14766670,2023-11-07
Epping,2020,2020-10-27,910910000,926700300,5.40,0.87,1.93,15.44,23.64,21545720,2023-11-07
Epsom,2020,2020-11-12,500202621,507757821,3.95,2.49,1.91,13.48,21.83,10904872,2023-11-07
Errol,2020,2020-11-25,80769036,90067236,3.41,4.33,1.94,3.57,13.25,1172652,2023-11-07
Erving's Grant (U),2020,2020-12-02,50191,50191,-4.62,4.62,1.75,-1.75,0.00,0,2023-11-07
Exeter,2020,2020-11-12,2147257582,2196207682,5.91,0.92,1.99,15.67,24.49,53404715,2023-11-07
Farmington,2020,2020-10-23,541783259,557174859,6.40,2.47,1.89,12.16,22.92,12524607,2023-11-07
Fitzwilliam,2020,2020-11-04,246964252,298406160,4.96,3.70,1.96,15.14,25.76,7493042,2023-11-07
Francestown,2020,2020-11-16,214303259,217929959,7.86,1.02,1.83,15.15,25.86,5594632,2023-11-07
Franconia,2020,2020-11-24,285258193,291207993,6.47,1.88,2.02,8.13,18.50,5355630,2023-11-07
Franklin,2020,2020-11-02,616099031,692559061,11.87,2.57,1.95,6.45,22.84,15524327,2023-11-07
Freedom,2020,2020-11-12,646967439,652134439,3.65,1.05,1.70,4.27,10.67,6920691,2023-11-07
Fremont,2020,2020-10-30,525925328,535327528,3.94,0.87,1.85,16.47,23.13,12136356,2023-11-07
Gilford,2020,2020-11-18,2132475660,2149486818,4.65,1.12,1.84,7.42,15.03,32260148,2023-11-07
Gilmanton,2020,2020-11-25,534592995,544678795,5.61,1.13,1.82,14.64,23.20,12601071,2023-11-07
Gilsum,2020,2020-11-24,68753374,71965174,6.84,3.46,1.85,13.60,25.75,1844162,2023-11-07
Goffstown,2020,2020-11-03,1649573600,1732938400,8.24,1.12,1.99,13.47,24.82,42390384,2023-11-07
Gorham,2020,2020-11-16,209614309,274857509,12.03,4.71,2.04,13.07,31.85,8592016,2023-11-07
Goshen,2020,2020-11-30,80482381,82975721,8.41,2.51,1.76,10.29,22.97,1880264,2023-11-07
Grafton,2020,2020-10-23,137634759,141067659,6.30,1.62,1.74,17.19,26.85,3734693,2023-11-07
Grantham,2020,2020-11-09,534824346,540575946,5.17,2.64,1.89,13.76,23.46,13212045,2023-11-07
Greenfield,2020,2020-11-06,166386105,170277305,8.50,1.06,1.96,15.63,27.15,4596602,2023-11-07
Greenland,2020,2020-11-02,845177200,872818300,4.03,0.91,2.00,9.64,16.58,14212852,2023-11-07
Green's Grant (U),2020,2020-12-01,7934310,8057510,0.12,4.99,1.41,-1.39,5.13,41161,2023-11-07
Greenville,2020,2020-11-06,113421969,120335069,12.52,1.00,1.93,7.72,23.17,2705821,2023-11-07
Groton,2020,2020-11-12,70763555,83358715,3.81,2.60,3.79,7.96,18.16,1446059,2023-11-07
Hadley's Purchase (U),2020,2020-12-02,1,1,0.00,0.00,0.00,0.00,0.00,0,2023-11-07
Hale's Location (U),2020,2020-12-04,80172700,80524100,2.45,1.14,1.93,-1.92,3.60,278208,2023-11-07
Hampstead,2020,2020-11-06,1317486553,1331881653,2.87,0.87,1.92,15.89,21.55,28296660,2023-11-07
Hampton,2020,2020-10-28,3676263700,3790515423,5.92,0.89,2.00,7.12,15.93,59743835,2023-11-07
Hampton Falls,2020,2020-11-04,482870502,488152802,3.44,0.94,2.02,14.95,21.35,10341992,2023-11-07
Hancock,2020,2020-11-09,244895428,250769628,7.60,1.14,2.01,15.47,26.22,6515772,2023-11-07
Hanover,2020,2020-11-17,2286668495,2300746395,4.44,1.81,2.03,10.40,18.68,46282208,2023-11-07
Harrisville,2020,2020-10-30,205781236,207756836,5.08,3.78,1.92,6.90,17.68,3662148,2023-11-07
Hart's Location,2020,2020-11-23,20131053,20706153,0.50,1.06,1.62,3.82,7.00,143912,2023-11-07
Haverhill,2020,2020-12-14,320874701,347781001,7.89,1.83,2.01,16.68,28.41,10238624,2023-11-07
Hebron,2020,2020-12-01,263146065,268527765,4.46,1.97,2.28,0.89,9.60,2617223,2023-11-07
Henniker,2020,2020-11-20,458693073,471798273,9.94,2.56,1.99,16.75,31.24,14673499,2023-11-07
Hill,2020,2020-11-16,89927852,94560552,6.17,2.53,1.88,15.11,25.69,2401551,2023-11-07
Hillsborough,2020,2020-11-24,554246268,594882788,10.68,1.02,1.81,15.22,28.73,17051769,2023-11-07
Hinsdale,2020,2020-11-10,229772669,345539419,8.15,4.17,2.11,19.72,34.15,11482952,2023-11-07
Holderness,2020,2020-10-27,742368515,759486515,2.39,1.87,1.98,7.34,13.58,10231434,2023-11-07
Hollis,2020,2020-10-27,1369664343,1387997343,5.54,1.13,2.02,14.49,23.18,31953746,2023-11-07
Hooksett,2020,2020-11-13,1928494229,2047885829,5.63,2.95,2.00,11.93,22.51,45613526,2023-11-07
Hopkinton,2020,2020-11-05,749331291,780889991,6.25,2.57,1.84,18.59,29.25,22865155,2023-11-07
Hudson,2020,2020-10-29,3023151329,3179000329,6.14,1.15,2.08,12.00,21.37,66960741,2023-11-07
Jackson,2020,2020-10-28,462694636,465927736,4.50,1.16,1.70,3.63,10.99,5403073,2023-11-07
Jaffrey,2020,2020-11-20,510028040,520726640,9.54,3.69,2.05,12.25,27.53,14164921,2023-11-07
Jefferson,2020,2020-11-23,121225170,130138470,2.19,5.02,2.11,13.23,22.55,2910115,2023-11-07
Keene,2020,2020-11-02,1750950464,1849704064,14.81,3.86,2.07,16.54,37.28,68437022,2023-11-07
Kensington,2020,2020-11-16,377332932,392294316,3.67,0.88,1.94,14.06,20.55,7995148,2023-11-07
Kilkenny (U),2020,2020-12-02,1,19000,-3.05,3.05,0.00,0.00,0.00,0,2023-11-07
Kingston,2020,2020-11-05,807776294,849502794,3.88,0.90,1.94,14.16,20.88,17483670,2023-11-07
Laconia,2020,2020-11-24,2330870848,2382861491,7.65,1.21,1.92,8.94,19.72,46463006,2023-11-07
Lancaster,2020,2020-11-19,263449139,279190339,9.73,4.68,1.89,8.44,24.74,6847718,2023-11-07
Landaff,2020,2020-11-24,49430382,51315582,6.74,1.81,1.95,12.64,23.14,1176666,2023-11-07
Langdon,2020,2020-12-09,56423112,58110552,5.82,2.72,2.02,16.38,26.94,1541590,2023-11-07
Lebanon,2020,2020-11-02,2127331325,2237505225,9.96,1.86,1.99,13.28,27.09,60294391,2023-11-07
Lee,2020,2020-11-10,459113652,466532552,6.62,3.12,2.32,19.80,31.86,14749666,2023-11-07
Lempster,2020,2020-10-29,120932969,126595269,3.98,3.17,2.28,15.41,24.84,3109116,2023-11-07
Lincoln,2020,2020-10-26,833455709,853376509,7.44,2.01,2.22,3.78,15.45,13103943,2023-11-07
Lisbon,2020,2020-11-23,114688896,119753896,10.15,1.66,2.08,20.03,33.92,4036317,2023-11-07
Litchfield,2020,2020-10-20,1123593141,1171886341,3.92,0.96,1.71,11.99,18.58,21471546,2023-11-07
Littleton,2020,2020-12-08,669750158,748054458,5.26,2.04,1.65,12.70,21.65,15917877,2023-11-07
Livermore (U),2020,2020-12-07,136600,136600,-1.65,1.65,1.93,-1.93,0.00,0,2023-11-07
Londonderry,2020,2020-11-13,3903059059,4661377059,4.66,0.86,1.93,12.66,20.11,91635989,2023-11-07
Loudon,2020,2020-11-13,553881471,574137271,4.84,2.96,2.26,12.93,22.99,12920543,2023-11-07
Low & Burbank's Grant (U),2020,2020-12-02,1,1,0.00,0.00,0.00,0.00,0.00,0,2023-11-07
Lyman,2020,2020-11-20,72244415,74806815,5.66,1.68,1.73,12.35,21.42,1582129,2023-11-07
Lyme,2020,2020-10-29,347696300,354174300,6.84,1.76,2.04,16.02,26.66,9391071,2023-11-07
Lyndeborough,2020,2020-11-09,209701687,212076187,7.35,1.04,1.57,11.38,21.34,4485678,2023-11-07
Madbury,2020,2020-10-16,276665468,296284068,4.72,2.40,1.84,16.29,25.25,7414324,2023-11-07
Madison,2020,2020-11-19,574355733,587259733,3.54,1.16,1.93,8.67,15.30,9510265,2023-11-07
Manchester,2020,2020-11-19,8914944739,9175091539,11.48,1.29,2.36,9.53,24.66,224271285,2023-11-07
Marlborough,2020,2020-11-19,172875467,176275527,5.30,4.24,2.10,19.83,31.47,5488550,2023-11-07
Marlow,2020,2020-12-14,72107307,73886807,6.51,3.61,1.74,17.85,29.71,2175581,2023-11-07
Martin's Location (U),2020,2020-12-02,1,271400,-3.93,3.93,0.00,0.00,0.00,0,2023-11-07
Mason,2020,2020-11-02,154537392,159128292,9.72,1.17,2.21,13.91,27.01,4248910,2023-11-07
Meredith,2020,2020-11-10,2289105880,2302685480,4.29,1.15,1.88,6.70,14.02,31960770,2023-11-07
Merrimack,2020,2020-11-13,3401306102,3547578102,5.06,1.17,2.14,15.69,24.06,84309995,2023-11-07
Middleton,2020,2020-12-09,181349402,186747102,9.09,2.59,1.89,14.70,28.27,5273694,2023-11-07
Milan,2020,2020-11-10,128990788,150649388,2.74,4.08,1.61,11.65,20.08,2979569,2023-11-07
Milford,2020,2020-11-10,1618305257,1656349157,5.78,1.09,1.93,16.57,25.37,41720254,2023-11-07
Millsfield (U),2020,2020-12-01,8341163,8394563,-43.02,49.47,2.07,-1.84,6.68,55965,2023-11-07
Milton,2020,2020-11-20,474634031,494887213,4.63,2.49,1.89,13.15,22.16,10756022,2023-11-07
Monroe,2020,2020-10-14,83161787,449492087,1.70,1.73,1.90,6.65,11.98,4679487,2023-11-07
Mont Vernon,2020,2020-11-12,314172014,317254014,4.74,1.01,1.93,18.90,26.58,8380664,2023-11-07
Moultonborough,2020,2020-10-27,3539022451,3574129240,2.11,1.15,1.78,2.09,7.13,25245702,2023-11-07
Nashua,2020,2020-11-04,9941795453,10335998453,9.10,1.16,2.08,10.27,22.61,231335273,2023-11-07
Nelson,2020,2020-10-29,122111268,125807368,6.39,3.69,1.98,6.81,18.87,2362641,2023-11-07
New Boston,2020,2020-11-03,669493614,683500314,5.42,1.11,2.02,15.54,24.09,16286229,2023-11-07
New Castle,2020,2020-11-17,733348193,734925493,2.53,0.91,1.93,0.93,6.30,4602986,2023-11-07
New Durham,2020,2020-12-18,589370148,594581948,4.69,2.20,1.58,8.41,16.88,10023319,2023-11-07
New Hampton,2020,2020-11-09,302680962,338396262,6.36,1.21,1.94,8.44,17.95,5941658,2023-11-07
New Ipswich,2020,2020-11-30,467628211,483823011,4.70,1.02,1.78,13.75,21.25,10025523,2023-11-07
New London,2020,2020-11-09,1251721273,1265204773,4.30,2.56,1.92,6.16,14.94,19076889,2023-11-07
Newbury,2020,2020-10-14,757014261,761645361,4.12,2.94,2.13,7.33,16.52,12507470,2023-11-07
Newfields,2020,2020-11-18,298986257,301311757,3.65,0.81,1.90,14.88,21.24,6360544,2023-11-07
Newington,2020,2020-11-04,597229480,1024017380,6.31,0.88,1.87,0.83,9.89,9285438,2023-11-07
Newmarket,2020,2020-11-12,974770973,981517373,6.01,0.91,2.04,16.50,25.46,24826170,2023-11-07
Newport,2020,2020-11-03,418589212,438170012,12.12,2.80,2.05,16.13,33.10,14352787,2023-11-07
Newton,2020,2020-11-20,628685853,642718153,3.09,0.81,1.80,15.20,20.90,13306487,2023-11-07
North Hampton,2020,2020-11-20,1176613472,1195317972,5.21,0.90,2.11,8.69,16.91,20047413,2023-11-07
Northfield,2020,2020-11-19,328594679,342545279,7.11,2.87,2.11,10.68,22.77,8525964,2023-11-07
Northumberland,2020,2020-10-20,83559831,129889131,14.70,4.78,1.92,11.61,33.01,4327267,2023-11-07
Northwood,2020,2020-11-05,677918411,684256811,4.23,0.75,1.64,11.15,17.77,12103630,2023-11-07
Nottingham,2020,2020-11-04,779027543,796347443,3.35,0.80,1.70,12.91,18.76,14630534,2023-11-07
Odell (U),2020,2020-12-01,2260555,2260555,-2.59,6.13,2.41,-2.41,3.54,8002,2023-11-07
Orange,2020,2020-10-28,35369114,36344314,3.38,1.55,1.85,18.03,24.81,897699,2023-11-07
Orford,2020,2020-11-06,152124948,154257148,5.50,1.71,2.02,16.90,26.13,3983232,2023-11-07
Ossipee,2020,2020-11-13,763121915,776494715,5.98,1.19,1.97,7.91,17.05,14512508,2023-11-07
Pelham,2020,2020-12-02,1943827420,2003772810,5.78,1.03,1.94,11.45,20.20,40066167,2023-11-07
Pembroke,2020,2020-10-23,739482944,770768044,5.49,2.49,1.83,14.79,24.60,18753642,2023-11-07
Penacook,2020,2020-11-13,0,0,9.32,2.44,1.80,16.37,29.93,0,2023-11-07
Peterborough,2020,2020-11-24,695791716,708717016,9.92,1.14,2.04,17.74,30.84,21618215,2023-11-07
Piermont,2020,2020-11-06,95557082,97898682,6.84,1.71,2.04,9.20,19.79,1912538,2023-11-07
Pinkham's Grant (U),2020,2020-11-30,2792430,2971730,7.35,7.06,3.15,-2.96,14.60,42822,2023-11-07
Pittsburg,2020,2020-10-20,280204256,292923356,3.26,4.94,1.97,5.58,15.75,4575385,2023-11-07
Pittsfield,2020,2020-10-14,332000429,345397729,8.34,2.36,1.62,12.40,24.72,8456829,2023-11-07
Plainfield,2020,2020-10-29,300224774,308439574,5.34,2.64,1.88,15.54,25.40,7757856,2023-11-07
Plaistow,2020,2020-11-17,1160716020,1200736760,5.41,0.86,2.05,13.33,21.65,25748825,2023-11-07
Plymouth,2020,2020-11-23,468792285,495555085,11.40,1.81,1.96,13.32,28.49,13997493,2023-11-07
Portsmouth,2020,2020-11-03,6119299314,6301589965,6.83,0.90,1.90,5.07,14.70,91740195,2023-11-07
Randolph,2020,2020-11-16,64847897,73126997,5.57,4.32,1.85,3.36,15.10,1084102,2023-11-07
Raymond,2020,2020-11-17,933939244,956238144,6.25,1.04,2.27,16.64,26.20,24661821,2023-11-07
Richmond,2020,2020-11-23,97675409,107429939,5.70,3.65,1.96,12.40,23.71,2511845,2023-11-07
Rindge,2020,2020-11-30,675029963,688860863,3.88,3.64,1.85,13.08,22.45,15223839,2023-11-07
Rochester,2020,2020-12-03,2663300537,2777583937,8.18,2.43,1.94,12.06,24.61,67428106,2023-11-07
Rollinsford,2020,2020-11-20,283252601,286931501,4.90,2.76,2.11,14.91,24.68,7020807,2023-11-07
Roxbury,2020,2020-11-24,23592214,24835114,2.57,3.90,2.16,16.74,25.37,626082,2023-11-07
Rumney,2020,2020-11-19,182306566,196500066,5.20,1.74,1.77,15.23,23.94,4633619,2023-11-07
Rye,2020,2020-11-16,2176820400,2189628400,3.10,0.97,2.27,3.88,10.22,23103004,2023-11-07
Salem,2020,2020-10-20,4586937157,4676922757,7.16,1.03,2.20,11.63,22.02,102157204,2023-11-07
Salisbury,2020,2020-11-12,137779973,149608173,4.77,2.85,2.05,14.93,24.60,3615513,2023-11-07
Sanbornton,2020,2020-11-20,523269402,532120102,7.70,1.16,1.93,9.39,20.18,10617502,2023-11-07
Sandown,2020,2020-11-17,664626270,673389470,4.08,0.96,2.06,20.56,27.66,18385151,2023-11-07
Sandwich,2020,2020-11-02,438281291,447172191,4.84,1.16,1.87,6.60,14.47,6383290,2023-11-07
Sargent's Purchase (U),2020,2020-12-02,1888530,1888530,-5.06,5.06,1.98,-1.98,0.00,0,2023-11-07
Seabrook,2020,2020-11-19,1720705150,2729430350,6.57,0.92,2.07,6.41,15.97,41088692,2023-11-07
Second College Grant (U),2020,2020-12-02,1387570,1387570,-4.84,4.84,1.87,-1.87,0.00,0,2023-11-07
Sharon,2020,2020-11-30,56627791,57477691,5.09,0.95,1.76,14.80,22.60,1292100,2023-11-07
Shelburne,2020,2020-11-16,51234477,82693277,5.02,3.82,1.77,5.13,15.74,1241410,2023-11-07
Somersworth,2020,2020-11-02,1070063894,1092265002,8.68,2.44,1.94,14.79,27.85,30130510,2023-11-07
South Hampton,2020,2020-11-25,164857637,168975237,4.20,0.86,1.85,12.08,18.99,3185883,2023-11-07
Springfield,2020,2020-11-13,229285971,236775171,3.83,2.48,1.81,11.46,19.58,4612039,2023-11-07
Stark,2020,2020-10-15,59627379,77575747,4.06,4.40,1.95,7.59,18.00,1354214,2023-11-07
Stewartstown,2020,2020-11-23,88745342,110037642,3.51,4.55,1.96,13.60,23.62,2540256,2023-11-07
Stoddard,2020,2020-12-04,285642810,294311810,3.14,3.70,1.85,7.72,16.41,4832874,2023-11-07
Strafford,2020,2020-11-13,487407900,493115100,3.93,3.10,2.32,16.30,25.65,12594461,2023-11-07
Stratford,2020,2020-10-21,42796067,77389367,5.28,4.87,2.05,14.73,26.93,2005879,2023-11-07
Stratham,2020,2020-11-25,1558491854,1589925354,3.09,0.83,1.81,13.22,18.95,29829290,2023-11-07
Success (U),2020,2020-11-30,12084927,12145227,1.45,5.27,2.04,-2.03,6.73,81614,2023-11-07
Sugar Hill,2020,2020-11-20,160227657,164798357,9.32,1.71,1.82,8.73,21.58,3530630,2023-11-07
Sullivan,2020,2020-11-03,58817901,63293201,5.82,3.61,1.75,15.08,26.26,1645596,2023-11-07
Sunapee,2020,2020-10-30,1432157588,1451938388,3.21,2.64,1.89,6.10,13.84,19982941,2023-11-07
Surry,2020,2020-10-19,81295283,84913883,2.05,3.82,1.99,20.56,28.42,2384451,2023-11-07
Sutton,2020,2020-11-10,313838176,317813376,7.21,2.52,1.86,13.28,24.87,7828125,2023-11-07
Swanzey,2020,2020-11-19,602574706,628440073,6.22,3.67,1.92,13.87,25.68,15908532,2023-11-07
Tamworth,2020,2020-10-16,384598098,402694551,6.03,1.15,1.84,13.46,22.48,8948177,2023-11-07
Temple,2020,2020-11-20,159989052,163177452,5.25,1.01,1.81,16.09,24.16,3928996,2023-11-07
Thom. & Mes. Purchase (U),2020,2020-12-01,5362170,5372770,-2.58,5.36,2.10,-2.10,2.78,14914,2023-11-07
Thornton,2020,2020-11-06,427348688,437034688,4.33,1.61,1.78,12.39,20.11,9085528,2023-11-07
Tilton,2020,2020-11-10,598861468,633007168,6.00,1.12,1.86,9.49,18.47,12953227,2023-11-07
Troy,2020,2020-11-20,116616478,130653578,10.34,4.08,1.93,11.91,28.26,3615179,2023-11-07
Tuftonboro,2020,2020-11-02,1194623008,1210587908,3.22,1.13,1.78,3.43,9.56,11444603,2023-11-07
Unity,2020,2020-11-23,130936216,134383616,10.33,2.54,2.01,12.90,27.78,3669448,2023-11-07
Wakefield,2020,2020-10-29,1115150573,1133081873,3.29,1.22,1.90,5.97,12.38,13702984,2023-11-07
Walpole,2020,2020-11-12,422022298,436364198,5.13,3.67,1.90,14.96,25.66,11758680,2023-11-07
Warner,2020,2020-11-09,312648602,322486639,9.67,2.44,2.05,14.24,28.40,9203853,2023-11-07
Warren,2020,2020-11-09,68215439,83240239,5.73,1.79,2.03,13.53,23.08,1865984,2023-11-07
Washington,2020,2020-11-18,237895636,242750936,7.44,2.90,1.97,8.78,21.09,5120965,2023-11-07
Waterville Valley,2020,2020-10-30,330408595,333091095,9.09,1.65,1.99,1.52,14.25,4733309,2023-11-07
Weare,2020,2020-11-17,854990508,889309808,4.79,1.16,2.12,15.88,23.95,21029763,2023-11-07
Webster,2020,2020-11-24,215969882,237403882,6.11,2.64,1.91,11.53,22.19,5343676,2023-11-07
Wentworth,2020,2020-11-19,89857038,98339738,8.47,1.89,2.17,13.23,25.76,2466325,2023-11-07
Wentworth Location (U),2020,2020-12-01,7592990,7697890,2.20,5.00,1.96,-1.93,7.23,55399,2023-11-07
Westmoreland,2020,2020-10-28,164205454,166370954,3.87,4.03,2.00,15.50,25.40,4205692,2023-11-07
Whitefield,2020,2020-11-23,208698045,232206465,9.05,4.56,1.73,10.88,26.22,5988284,2023-11-07
Wilmot,2020,2020-10-23,215984722,220362922,6.00,2.42,1.75,10.97,21.14,4618960,2023-11-07
Wilton,2020,2020-11-05,373208024,377943924,8.70,1.25,2.18,17.26,29.39,11018847,2023-11-07
Winchester,2020,2020-11-25,293343758,333847858,7.09,3.15,1.68,16.85,28.77,9436256,2023-11-07
Windham,2020,2020-11-19,3021252270,3059617070,2.99,0.85,1.84,13.45,19.13,58209101,2023-11-07
Windsor,2020,2020-11-18,28048918,28777018,0.42,0.94,2.03,6.42,9.81,276423,2023-11-07
Wolfeboro,2020,2020-12-03,2372649048,2372868648,5.26,1.11,1.82,4.82,13.01,30640521,2023-11-07
Woodstock,2020,2020-12-15,279522160,286958960,9.77,1.74,1.86,6.58,19.95,5662249,2023-11-07
Acworth,2021,2021-11-22,116858500,120497600,7.81,2.31,1.55,11.26,22.93,2744769,2023-11-07
Albany,2021,2021-11-09,128636412,132196813,2.21,1.03,1.70,7.46,12.40,1616806,2023-11-07
Alexandria,2021,2021-11-03,275808558,288719358,5.71,1.38,1.44,10.29,18.82,5372067,2023-11-07
Allenstown,2021,2021-10-21,292809330,300374630,8.55,2.85,2.04,18.06,31.50,9341868,2023-11-07
Alstead,2021,2021-11-16,188922220,194314820,5.75,3.33,1.77,12.40,23.25,4482574,2023-11-07
Alton,2021,2021-11-23,2168354031,2180520731,3.57,0.94,1.66,5.21,11.38,24430829,2023-11-07
Amherst,2021,2021-11-05,2271714537,2334610437,4.30,0.93,1.62,14.46,21.31,49275658,2023-11-07
Andover,2021,2021-11-17,288807949,317795749,4.28,2.39,1.85,12.39,20.91,6698534,2023-11-07
Antrim,2021,2021-11-23,243288381,263400981,9.65,1.13,2.05,13.24,26.07,6762632,2023-11-07
Ashland,2021,2021-11-05,246971978,254167678,9.59,1.83,1.89,14.16,27.47,6914386,2023-11-07
Atkinson,2021,2021-11-18,1529165143,1546012743,2.17,0.66,1.42,8.11,12.36,18894629,2023-11-07
Atkinson & Gilmanton Academy Grant (U),2021,2021-12-02,846943,846943,-4.33,4.33,1.95,-1.95,0.00,0,2023-11-07
Auburn,2021,2021-10-28,874804630,886024130,3.29,0.88,1.95,12.02,18.14,15869099,2023-11-07
Barnstead,2021,2021-11-05,604242353,616751830,5.36,1.06,1.87,13.67,21.96,13339178,2023-11-07
Barrington,2021,2021-11-08,1364403336,1390626360,2.95,2.11,1.57,12.87,19.50,26688494,2023-11-07
Bartlett,2021,2021-11-23,1071858367,1082479267,1.61,1.36,2.11,4.45,9.53,10667464,2023-11-07
Bath,2021,2021-10-26,127000504,149317704,4.69,1.57,1.74,12.08,20.08,2946368,2023-11-07
Bean's Grant (U),2021,2021-12-02,1,1,0.00,0.00,0.00,0.00,0.00,0,2023-11-07
Bean's Purchase (U),2021,2021-12-02,1,1,0.00,0.00,0.00,0.00,0.00,0,2023-11-07
Bedford,2021,2021-10-15,4687462606,4764959906,3.76,0.93,1.66,10.79,17.14,81064267,2023-11-07
Belmont,2021,2021-11-03,727173779,741456168,8.54,1.10,2.05,14.98,26.67,19495457,2023-11-07
Bennington,2021,2021-11-17,126578523,131442323,11.11,1.12,1.84,16.27,30.34,3938680,2023-11-07
Benton,2021,2021-10-29,25054146,26271646,-0.38,1.65,1.95,14.04,17.26,449775,2023-11-07
Berlin,2021,2021-11-16,329938675,479677675,14.61,4.77,1.96,15.20,36.54,17172060,2023-11-07
Bethlehem,2021,2021-12-07,277358905,285723805,6.21,1.92,1.91,14.75,24.79,7060572,2023-11-07
Boscawen,2021,2021-10-22,288487187,300230587,9.27,2.52,1.87,14.72,28.38,8410084,2023-11-07
Bow,2021,2021-11-01,1180994717,1281541817,7.15,2.48,1.86,14.00,25.49,32241983,2023-11-07
Bradford,2021,2021-11-19,245961108,250775908,8.95,2.34,1.83,10.79,23.91,5947990,2023-11-07
Brentwood,2021,2021-10-27,691516549,721111949,3.77,0.83,1.78,15.86,22.24,15876550,2023-11-07
Bridgewater,2021,2021-11-23,445989200,453996000,3.01,1.59,1.71,1.96,8.27,3841725,2023-11-07
Bristol,2021,2021-11-05,537938018,559000718,8.30,1.61,1.87,8.43,20.21,11147517,2023-11-07
Brookfield,2021,2021-11-12,126719121,128516821,5.46,1.08,1.71,9.47,17.72,2256294,2023-11-07
Brookline,2021,2021-10-26,674035672,684665472,5.23,1.08,1.87,20.40,28.58,19413862,2023-11-07
Cambridge (U),2021,2021-11-17,9297627,9541027,-1.20,4.56,2.01,-1.64,3.73,35099,2023-11-07
Campton,2021,2021-11-17,429005798,446583298,6.02,1.66,1.83,15.46,24.97,12154605,2023-11-07
Canaan,2021,2021-11-04,438377110,445486410,6.04,1.53,1.68,17.45,26.70,11838944,2023-11-07
Candia,2021,2021-11-01,515423165,524440468,3.95,0.87,1.87,12.86,19.55,10117448,2023-11-07
Canterbury,2021,2021-11-17,354277917,361872617,5.07,2.07,1.63,11.74,20.51,7339128,2023-11-07
Carroll,2021,2021-11-18,361894439,365937739,5.54,4.89,1.92,6.78,19.13,6964126,2023-11-07
Center Harbor,2021,2021-11-13,438620781,440920291,6.17,1.22,2.13,5.75,15.27,6688102,2023-11-07
Chandler's Purchase (U),2021,2021-12-02,37050,39550,-5.39,5.26,2.11,-1.97,0.01,-5,2023-11-07
Charlestown,2021,2021-11-12,319617541,345550995,7.44,2.56,1.75,19.86,31.61,10747334,2023-11-07
Chatham,2021,2021-11-17,59171936,60967336,0.48,1.08,1.84,7.93,11.33,671456,2023-11-07
Chester,2021,2021-11-01,683245274,737995574,6.49,0.89,1.94,11.52,20.84,15055112,2023-11-07
Chesterfield,2021,2021-11-22,610780110,619919727,4.36,3.34,1.80,9.51,19.01,12235431,2023-11-07
Chichester,2021,2021-11-17,321688234,329255034,5.42,2.55,1.91,13.22,23.10,7521339,2023-11-07
Claremont,2021,2021-12-16,709472604,754172304,15.01,2.85,1.92,21.20,40.98,30531987,2023-11-07
Clarksville,2021,2021-11-02,46037054,47779454,3.29,5.19,2.08,8.42,18.98,894529,2023-11-07
Colebrook,2021,2021-11-24,171604527,190458527,10.85,4.13,1.86,12.48,29.32,5684555,2023-11-07
Columbia,2021,2021-10-27,67045851,93357251,2.60,4.19,2.12,6.40,15.31,1366419,2023-11-07
Concord,2021,2021-11-10,4836903356,5103909256,8.74,2.26,1.66,12.46,25.12,128964090,2023-11-07
Conway,2021,2021-11-23,1732732295,1812089195,5.19,1.20,1.89,8.06,16.34,32121570,2023-11-07
Cornish,2021,2021-10-26,191738817,197753917,3.81,2.66,1.84,14.40,22.71,4441372,2023-11-07
Crawford's Purchase (U),2021,2021-12-06,229730,230230,-4.83,4.83,2.11,-2.11,0.00,-1,2023-11-07
Croydon,2021,2021-11-10,111453340,117645940,3.00,2.41,1.59,7.22,14.22,1653455,2023-11-07
Cutt's Grant (U),2021,2021-12-02,1,1,0.00,0.00,0.00,0.00,0.00,0,2023-11-07
Dalton,2021,2021-12-29,79198395,84590195,5.10,5.15,2.31,12.59,25.15,2072989,2023-11-07
Danbury,2021,2021-11-04,164949430,168246630,4.96,1.98,1.47,9.59,18.00,2995192,2023-11-07
Danville,2021,2021-11-03,555645256,575606456,4.27,0.71,1.54,13.68,20.20,11423011,2023-11-07
Deerfield,2021,2021-10-26,690923903,781099503,3.54,0.77,1.70,12.79,18.80,14288873,2023-11-07
Deering,2021,2021-11-29,228709715,243924215,5.68,1.01,1.69,14.18,22.56,5425817,2023-11-07
Derry,2021,2021-11-02,3567222341,3621174466,7.22,0.86,1.86,14.82,24.76,89033763,2023-11-07
Dix Grant (U),2021,2021-12-02,1072502,1072502,-4.41,4.41,1.91,-1.91,0.00,0,2023-11-07
Dixville (U),2021,2021-11-18,8482647,8649847,-9.20,15.43,1.92,-1.88,6.27,53913,2023-11-07
Dorchester,2021,2021-11-17,44100490,45178890,9.12,1.69,1.79,9.56,22.16,989433,2023-11-07
Dover,2021,2021-12-01,4375798030,4472310130,8.02,2.13,1.62,9.93,21.70,95862031,2023-11-07
Dublin,2021,2021-11-16,272744130,277459130,6.22,3.27,1.77,12.16,23.42,6412122,2023-11-07
Dummer,2021,2021-10-21,34696705,101455205,4.49,3.65,1.83,6.10,16.07,1500867,2023-11-07
Dunbarton,2021,2021-11-03,373333529,399463829,4.05,2.53,1.94,14.89,23.41,9235290,2023-11-07
Durham,2021,2021-10-21,1172318206,1252334006,7.86,2.79,1.98,15.28,27.91,34671711,2023-11-07
East Kingston,2021,2021-11-12,374068966,400533066,6.09,0.84,1.85,13.23,22.01,8694674,2023-11-07
Easton,2021,2021-12-01,75560710,76963510,0.58,1.64,1.82,8.22,12.26,938569,2023-11-07
Eaton,2021,2021-11-23,141700173,143226973,4.08,0.86,1.46,4.75,11.15,1573251,2023-11-07
Effingham,2021,2021-11-09,206972920,212932420,8.53,1.03,1.70,11.23,22.49,4728469,2023-11-07
Ellsworth,2021,2021-12-01,18976272,19452572,2.89,1.47,1.63,8.33,14.32,276984,2023-11-07
Enfield,2021,2021-11-10,579465642,589409842,7.25,1.78,1.95,14.13,25.11,14746948,2023-11-07
Epping,2021,2021-11-16,926633200,945320800,5.34,0.85,1.87,14.36,22.42,20821897,2023-11-07
Epsom,2021,2021-10-26,506318757,514386257,3.71,2.38,1.83,15.72,23.64,11979477,2023-11-07
Errol,2021,2021-10-19,81432668,90585368,3.08,4.49,1.79,4.50,13.86,1236829,2023-11-07
Erving's Grant (U),2021,2021-11-30,60432,60432,1.13,3.94,1.59,-1.59,5.07,306,2023-11-07
Exeter,2021,2021-10-28,2173430694,2218420894,5.79,0.94,1.99,15.29,24.01,52886755,2023-11-07
Farmington,2021,2021-11-09,548540036,562027636,6.30,2.61,1.85,12.61,23.37,12819383,2023-11-07
Fitzwilliam,2021,2021-11-15,250334554,293453362,5.47,4.10,1.88,14.38,25.83,7409762,2023-11-07
Francestown,2021,2021-11-15,216602060,219858760,7.80,1.01,1.83,13.88,24.52,5349577,2023-11-07
Franconia,2021,2021-12-02,409512267,414590267,4.26,1.34,1.45,5.90,12.95,5341882,2023-11-07
Franklin,2021,2021-10-13,620187623,694248853,12.00,2.67,1.92,6.62,23.21,15834742,2023-11-07
Freedom,2021,2021-11-17,652079174,657946874,3.93,0.99,1.68,4.25,10.85,7100315,2023-11-07
Fremont,2021,2021-11-24,532378255,541193155,3.91,0.86,1.88,15.67,22.32,11834359,2023-11-07
Gilford,2021,2021-11-15,2562600830,2583564870,4.05,0.83,1.51,5.89,12.28,31631344,2023-11-07
Gilmanton,2021,2021-12-07,543702500,552744300,5.58,1.02,1.81,15.09,23.50,12986490,2023-11-07
Gilsum,2021,2021-11-24,69795304,72722304,6.95,3.51,1.76,10.98,23.20,1677506,2023-11-07
Goffstown,2021,2021-10-26,1660855600,1746180900,8.30,1.16,2.03,13.33,24.82,42708999,2023-11-07
Gorham,2021,2021-10-29,200184418,259995318,11.18,5.05,2.08,17.29,35.60,9102427,2023-11-07
Goshen,2021,2021-11-16,80662111,82903531,8.59,2.65,1.79,12.26,25.29,2070817,2023-11-07
Grafton,2021,2021-10-29,137309044,141147844,5.38,1.53,1.78,17.19,25.88,3598072,2023-11-07
Grantham,2021,2021-10-27,537235277,542986877,4.90,2.69,1.87,13.46,22.92,13117320,2023-11-07
Greenfield,2021,2021-11-10,168330946,172308246,8.88,1.05,1.90,14.97,26.80,4590504,2023-11-07
Greenland,2021,2021-11-12,852095100,880894800,4.82,0.94,1.99,10.97,18.72,16246789,2023-11-07
Green's Grant (U),2021,2021-11-18,7934310,8085010,1.90,4.74,2.09,-2.05,6.68,53694,2023-11-07
Greenville,2021,2021-10-29,113991855,119889155,12.47,1.17,1.84,9.67,25.15,2935361,2023-11-07
Groton,2021,2021-11-03,93572104,106334264,0.55,2.03,2.32,4.07,8.97,901710,2023-11-07
Hadley's Purchase (U),2021,2021-12-02,1,1,0.00,0.00,0.00,0.00,0.00,0,2023-11-07
Hale's Location (U),2021,2021-12-08,80857000,81214400,2.44,1.07,1.82,-1.82,3.51,273412,2023-11-07
Hampstead,2021,2021-10-26,1326149770,1339982770,2.84,0.88,1.89,17.14,22.75,30086714,2023-11-07
Hampton,2021,2021-11-18,3717854400,3851811900,5.91,0.89,1.94,7.10,15.84,60641450,2023-11-07
Hampton Falls,2021,2021-11-16,491013349,497981249,3.70,0.90,2.02,14.50,21.12,10432689,2023-11-07
Hancock,2021,2021-11-13,286106260,293804330,6.54,0.98,1.77,12.67,21.96,6390717,2023-11-07
Hanover,2021,2021-11-23,2659520219,2673893419,4.00,1.60,1.72,8.95,16.27,46946495,2023-11-07
Harrisville,2021,2021-10-27,206680421,208978521,5.08,3.90,1.92,6.71,17.61,3669299,2023-11-07
Hart's Location,2021,2021-12-09,20411693,20988093,0.29,1.07,1.69,6.88,9.93,207338,2023-11-07
Haverhill,2021,2021-12-28,383396333,413241033,6.33,1.49,1.70,15.37,24.89,10999117,2023-11-07
Hebron,2021,2021-11-19,394891767,400512067,2.89,1.19,1.45,0.99,6.52,2663709,2023-11-07
Henniker,2021,2021-11-22,463290377,475282877,10.67,2.53,1.90,17.46,32.56,15414025,2023-11-07
Hill,2021,2021-11-24,90999979,95448279,6.70,2.65,1.88,14.42,25.65,2419385,2023-11-07
Hillsborough,2021,2021-11-24,557121853,602737553,10.35,0.99,1.84,15.74,28.92,17414242,2023-11-07
Hinsdale,2021,2021-11-18,232306165,350957415,7.05,3.79,2.17,19.64,32.65,11128287,2023-11-07
Holderness,2021,2021-11-13,958024872,975676972,1.80,1.61,1.60,6.30,11.31,10957164,2023-11-07
Hollis,2021,2021-10-27,1398451419,1416247519,5.65,1.10,2.00,13.95,22.70,31840726,2023-11-07
Hooksett,2021,2021-11-19,1948064546,2054122246,5.73,2.65,2.18,11.66,22.22,45159890,2023-11-07
Hopkinton,2021,2021-10-25,757966298,788374298,6.54,2.52,1.89,19.92,30.87,24366392,2023-11-07
Hudson,2021,2021-11-23,3078803420,3218932520,6.52,1.20,2.04,11.91,21.67,68646404,2023-11-07
Jackson,2021,2021-11-04,469967939,473235539,4.23,1.11,1.84,4.08,11.26,5599777,2023-11-07
Jaffrey,2021,2021-11-02,515944959,526733014,10.15,3.69,1.87,12.18,27.89,14522360,2023-11-07
Jefferson,2021,2021-12-08,155276319,163806619,2.56,4.17,1.65,9.44,17.82,2900109,2023-11-07
Keene,2021,2021-10-26,2090372820,2201301020,12.31,3.28,1.67,14.02,31.28,68297746,2023-11-07
Kensington,2021,2021-11-02,379222751,400821101,3.72,0.89,1.92,12.19,18.72,7425427,2023-11-07
Kilkenny (U),2021,2021-12-03,1,26000,-3.50,3.50,0.00,0.00,0.00,0,2023-11-07
Kingston,2021,2021-11-09,817141195,859637238,4.62,0.92,1.94,13.80,21.28,18035838,2023-11-07
Laconia,2021,2021-11-19,2510077893,2568395863,7.51,0.99,1.83,8.53,18.86,47908025,2023-11-07
Lancaster,2021,2021-11-17,267082482,282356582,10.68,4.34,1.93,9.24,26.19,7328940,2023-11-07
Landaff,2021,2021-11-24,58385513,60372413,4.91,1.41,1.71,10.46,18.49,1106188,2023-11-07
Langdon,2021,2021-11-24,71398502,73304782,5.20,2.48,1.53,12.68,21.89,1583226,2023-11-07
Lebanon,2021,2021-10-29,2171364940,2280148240,10.06,1.70,2.02,13.20,26.98,61200957,2023-11-07
Lee,2021,2021-10-19,713908251,729919551,4.56,2.04,1.52,13.65,21.77,15767412,2023-11-07
Lempster,2021,2021-10-20,122313303,127944603,3.68,3.07,2.24,14.77,23.76,3001950,2023-11-07
Lincoln,2021,2021-12-02,1230857124,1250407424,5.07,1.41,1.51,2.55,10.54,13116273,2023-11-07
Lisbon,2021,2021-11-18,115359018,120256518,11.29,1.74,1.85,17.55,32.43,3877858,2023-11-07
Litchfield,2021,2021-10-25,1147445789,1209035089,3.81,0.97,1.69,11.97,18.44,21966201,2023-11-07
Littleton,2021,2021-11-09,659034526,737917526,5.48,2.11,2.34,13.13,23.06,16688192,2023-11-07
Livermore (U),2021,2021-11-24,136600,136600,-1.54,1.54,1.82,-1.82,0.00,0,2023-11-07
Londonderry,2021,2021-11-04,4446050521,5092317821,4.16,0.80,1.65,11.77,18.38,91892460,2023-11-07
Loudon,2021,2021-11-29,693049583,709473083,4.43,2.31,1.76,10.70,19.20,13359511,2023-11-07
Low & Burbank's Grant (U),2021,2021-12-03,1,1,0.00,0.00,0.00,0.00,0.00,0,2023-11-07
Lyman,2021,2021-11-22,73167034,75856134,5.66,1.56,1.85,10.15,19.22,1437181,2023-11-07
Lyme,2021,2021-11-15,402122800,407568300,5.85,1.51,1.68,15.03,24.07,9765021,2023-11-07
Lyndeborough,2021,2021-11-22,211081697,213852197,7.35,1.02,1.87,11.86,22.10,4682653,2023-11-07
Madbury,2021,2021-10-15,277889505,304066305,4.27,2.29,1.81,17.03,25.40,7644654,2023-11-07
Madison,2021,2021-11-18,580659337,597418837,3.30,1.07,1.85,7.55,13.77,8696555,2023-11-07
Manchester,2021,2021-11-15,12772275977,13128827277,8.26,0.96,1.63,6.83,17.68,230229829,2023-11-07
Marlborough,2021,2021-11-03,211036481,217105181,5.50,2.84,1.77,14.79,24.90,5347878,2023-11-07
Marlow,2021,2021-10-19,72425560,74319260,4.83,3.42,1.84,14.62,24.71,1819045,2023-11-07
Martin's Location (U),2021,2021-12-03,1,295500,-4.34,4.34,0.00,0.00,0.00,0,2023-11-07
Mason,2021,2021-11-18,205352325,212321525,7.39,0.95,1.61,9.89,19.84,4162738,2023-11-07
Meredith,2021,2021-11-24,2315022057,2330415957,3.85,0.98,1.83,6.77,13.43,30975450,2023-11-07
Merrimack,2021,2021-11-12,4749662763,4902353163,3.82,0.90,1.51,10.94,17.17,83230771,2023-11-07
Middleton,2021,2021-12-08,180825161,185402361,8.33,2.83,1.96,14.34,27.46,5086110,2023-11-07
Milan,2021,2021-11-01,130178048,152755948,4.56,3.94,1.61,10.97,21.08,3173445,2023-11-07
Milford,2021,2021-11-03,2005320212,2047206812,4.03,0.90,1.60,13.62,20.15,40959998,2023-11-07
Millsfield (U),2021,2021-11-19,8730170,8909070,-37.17,43.47,2.13,-2.06,6.37,56369,2023-11-07
Milton,2021,2021-11-24,481382592,501922971,5.70,2.40,1.86,12.90,22.86,11260954,2023-11-07
Monroe,2021,2021-10-27,84997521,425136221,2.08,1.85,1.90,7.28,13.11,4917872,2023-11-07
Mont Vernon,2021,2021-11-08,317714659,322127159,6.27,1.07,1.81,19.29,28.44,9104310,2023-11-07
Moultonborough,2021,2021-12-01,3911622487,3943560976,2.33,1.01,1.67,1.97,6.98,27305269,2023-11-07
Nashua,2021,2021-11-04,9905149340,10267308340,9.32,1.20,2.12,10.58,23.22,236156163,2023-11-07
Nelson,2021,2021-10-21,160843822,164426822,4.29,2.85,1.44,6.63,15.21,2492009,2023-11-07
New Boston,2021,2021-11-01,912895792,927870692,4.09,0.86,1.48,12.07,18.50,16974445,2023-11-07
New Castle,2021,2021-11-02,1070592581,1072041781,2.09,0.68,1.37,0.64,4.78,5100374,2023-11-07
New Durham,2021,2021-12-14,595831628,601587277,5.00,2.29,1.63,8.94,17.86,10731310,2023-11-07
New Hampton,2021,2021-11-30,306556751,342573351,6.33,1.09,1.94,9.38,18.74,6281686,2023-11-07
New Ipswich,2021,2021-11-03,476197545,491772545,3.93,1.05,1.83,15.41,22.22,10660184,2023-11-07
New London,2021,2021-10-29,1270063788,1283814088,4.48,2.59,1.88,6.44,15.39,19896474,2023-11-07
Newbury,2021,2021-10-13,1089151861,1096047061,2.98,2.04,1.52,4.84,11.38,12390248,2023-11-07
Newfields,2021,2021-11-10,300751313,302638130,3.66,0.84,1.76,14.29,20.55,6181193,2023-11-07
Newington,2021,2021-11-09,618250255,969779455,6.31,0.89,1.78,1.00,9.98,9008676,2023-11-07
Newmarket,2021,2021-11-16,980930171,987870471,5.84,0.92,1.98,17.62,26.36,25884525,2023-11-07
Newport,2021,2021-11-08,423226555,442292255,12.02,2.97,1.98,16.03,33.00,14449895,2023-11-07
Newton,2021,2021-12-02,635485777,651376377,3.53,0.80,1.75,14.82,20.90,13445133,2023-11-07
North Hampton,2021,2021-12-01,1179530293,1198551893,5.27,0.91,1.97,8.42,16.57,19678722,2023-11-07
Northfield,2021,2021-11-03,331797946,343447946,7.43,2.97,2.11,9.70,22.21,8357918,2023-11-07
Northumberland,2021,2021-11-03,84350954,129264454,14.70,4.96,2.00,13.65,35.31,4601899,2023-11-07
Northwood,2021,2021-12-02,683851150,696982750,2.32,0.79,1.62,10.74,15.47,10724124,2023-11-07
Nottingham,2021,2021-11-23,788611403,811883203,3.58,0.79,1.73,13.32,19.42,15433262,2023-11-07
Odell (U),2021,2021-11-19,2310995,2310995,1.78,5.61,2.50,-2.50,7.39,17079,2023-11-07
Orange,2021,2021-11-05,35623306,36614806,4.13,1.45,1.70,16.07,23.35,851270,2023-11-07
Orford,2021,2021-11-16,154184631,157331931,5.96,1.63,1.86,17.01,26.46,4113948,2023-11-07
Ossipee,2021,2021-11-10,771081218,785461218,5.87,1.22,1.89,9.35,18.33,15796984,2023-11-07
Pelham,2021,2021-11-03,2576363398,2634674907,4.74,0.83,1.41,8.98,15.96,41679859,2023-11-07
Pembroke,2021,2021-11-04,759360447,789214047,5.33,2.42,1.81,14.44,24.00,18732602,2023-11-07
Penacook,2021,2021-11-10,0,,8.74,2.26,1.56,15.41,27.97,0,2023-11-07
Peterborough,2021,2021-11-16,861485413,874585813,9.17,0.97,1.66,13.96,25.76,22286834,2023-11-07
Piermont,2021,2021-11-05,128389590,130636090,5.16,1.23,1.41,10.92,18.72,2424939,2023-11-07
Pinkham's Grant (U),2021,2021-11-19,2792430,3011030,9.63,6.23,3.02,-2.80,16.08,47757,2023-11-07
Pittsburg,2021,2021-10-19,286437943,299272143,3.68,4.74,2.01,5.13,15.56,4617477,2023-11-07
Pittsfield,2021,2021-10-27,336633354,351028654,7.64,2.26,1.71,12.38,23.99,8336362,2023-11-07
Plainfield,2021,2021-10-21,301289373,308868373,5.34,2.94,1.87,16.40,26.55,8125717,2023-11-07
Plaistow,2021,2021-11-02,1312314969,1349940969,4.66,0.79,1.67,11.84,18.96,25371129,2023-11-07
Plymouth,2021,2021-11-29,470331211,496839511,12.06,1.71,2.00,14.72,30.49,15029204,2023-11-07
Portsmouth,2021,2021-11-10,6206197538,6398641017,7.02,0.89,1.94,5.18,15.03,95276818,2023-11-07
Randolph,2021,2021-11-01,65525620,77148720,5.23,4.18,1.83,4.22,15.46,1166550,2023-11-07
Raymond,2021,2021-11-23,1286865459,1315003359,3.76,0.77,1.66,12.32,18.51,23896004,2023-11-07
Richmond,2021,2021-11-23,99354654,108699684,5.59,3.80,1.92,12.14,23.45,2514665,2023-11-07
Rindge,2021,2021-11-17,688501931,699913031,3.78,3.63,1.81,13.43,22.65,15600375,2023-11-07
Rochester,2021,2021-12-01,2678329528,2814722128,7.89,2.51,1.84,12.41,24.65,68437314,2023-11-07
Rollinsford,2021,2021-11-24,288616251,292346951,5.05,2.67,2.05,14.61,24.38,7068370,2023-11-07
Roxbury,2021,2021-11-16,23608742,24785542,5.65,3.71,2.03,14.65,26.04,641726,2023-11-07
Rumney,2021,2021-11-08,184221549,200005649,4.72,1.77,1.89,15.46,23.84,4695933,2023-11-07
Rye,2021,2021-11-19,2192250300,2204844000,2.80,0.98,2.10,4.34,10.22,23425238,2023-11-07
Salem,2021,2021-11-04,6341557590,6461830390,5.23,0.74,1.63,8.38,15.98,102465754,2023-11-07
Salisbury,2021,2021-10-27,140784144,153451044,5.72,2.63,2.07,13.33,23.75,3577241,2023-11-07
Sanbornton,2021,2021-11-15,527549922,534578122,7.51,1.03,1.86,7.98,18.38,9704173,2023-11-07
Sandown,2021,2021-11-02,672111180,680609880,5.01,0.99,2.07,20.91,28.98,19479232,2023-11-07
Sandwich,2021,2021-11-02,442660570,451791070,4.94,1.16,1.84,6.53,14.47,6445452,2023-11-07
Sargent's Purchase (U),2021,2021-12-03,1888530,1888530,-4.72,4.72,2.11,-2.11,0.00,0,2023-11-07
Seabrook,2021,2021-11-30,2103642050,3275418100,6.01,0.75,1.64,5.33,13.73,42627278,2023-11-07
Second College Grant (U),2021,2021-12-03,1557508,1557508,-4.22,4.22,1.80,-1.80,0.00,0,2023-11-07
Sharon,2021,2021-11-17,57038060,57886860,5.56,0.97,1.71,14.11,22.35,1287520,2023-11-07
Shelburne,2021,2021-10-26,58395781,87356881,5.04,3.86,1.47,5.88,16.25,1372477,2023-11-07
Somersworth,2021,2021-12-03,1093948395,1116699095,8.62,2.52,1.81,14.58,27.53,30463048,2023-11-07
South Hampton,2021,2021-11-15,166357940,170879340,4.29,0.82,1.85,12.97,19.93,3381920,2023-11-07
Springfield,2021,2021-11-02,231880736,239435436,4.01,2.56,1.74,11.52,19.83,4732220,2023-11-07
Stark,2021,2021-11-04,61332048,77413793,4.98,4.47,1.80,8.67,19.92,1505187,2023-11-07
Stewartstown,2021,2021-11-19,89727811,111249311,3.45,4.47,1.86,14.09,23.87,2598641,2023-11-07
Stoddard,2021,2022-02-10,288443150,297225550,3.83,3.57,1.87,7.30,16.57,4930985,2023-11-07
Strafford,2021,2021-12-08,697231100,703803000,2.85,2.13,1.64,11.84,18.46,12935526,2023-11-07
Stratford,2021,2021-11-02,62944122,101105922,5.14,3.60,1.39,9.15,19.28,1889076,2023-11-07
Stratham,2021,2021-11-23,1583727769,1614602169,3.15,0.82,1.79,12.76,18.52,29598168,2023-11-07
Success (U),2021,2021-11-19,12277048,12345648,1.19,4.86,2.17,-2.15,6.07,74789,2023-11-07
Sugar Hill,2021,2021-12-01,162192979,166477979,9.44,1.65,1.87,9.09,22.05,3646427,2023-11-07
Sullivan,2021,2021-10-29,59949069,64186969,9.30,3.35,1.85,8.99,23.49,1492462,2023-11-07
Sunapee,2021,2021-11-09,1443281042,1472667842,3.18,2.59,1.86,6.00,13.63,19945804,2023-11-07
Surry,2021,2021-10-14,82299523,85847323,2.76,3.80,1.94,16.02,24.52,2077294,2023-11-07
Sutton,2021,2021-10-19,316139720,320805720,7.80,2.40,1.86,12.10,24.16,7670488,2023-11-07
Swanzey,2021,2021-11-15,610049115,632938512,6.53,3.59,1.86,12.53,24.51,15288632,2023-11-07
Tamworth,2021,2021-11-18,386358571,399938571,6.04,1.13,1.84,13.13,22.14,8749553,2023-11-07
Temple,2021,2021-11-19,160996755,164261455,5.63,1.01,1.81,14.96,23.41,3831751,2023-11-07
Thom. & Mes. Purchase (U),2021,2021-11-19,6260400,6293500,-1.51,4.26,1.91,-1.90,2.76,17306,2023-11-07
Thornton,2021,2021-11-18,431122754,440374654,4.34,1.64,1.77,13.02,20.77,9443247,2023-11-07
Tilton,2021,2021-11-08,605576192,643138792,5.99,0.98,1.80,7.59,16.36,11742748,2023-11-07
Troy,2021,2021-11-15,117902133,131939233,9.96,4.13,2.05,13.44,29.58,3822986,2023-11-07
Tuftonboro,2021,2021-11-05,1201610134,1216326934,3.15,1.14,1.80,3.99,10.08,12135239,2023-11-07
Unity,2021,2021-11-22,131728164,135196264,9.04,2.72,1.79,15.07,28.62,3809009,2023-11-07
Wakefield,2021,2021-11-03,1127207926,1143740226,3.52,1.22,1.94,5.66,12.34,13798932,2023-11-07
Walpole,2021,2021-11-24,424803788,437673988,5.87,3.92,1.88,13.76,25.43,11712428,2023-11-07
Warner,2021,2021-10-28,315991184,326137384,8.50,2.43,1.81,13.57,26.31,8651036,2023-11-07
Warren,2021,2021-12-02,92459642,109699842,4.33,1.42,1.45,10.92,18.12,1939562,2023-11-07
Washington,2021,2021-11-22,240984222,244488222,8.04,3.01,2.04,9.34,22.43,5485520,2023-11-07
Waterville Valley,2021,2021-10-18,330959295,333664595,9.05,1.61,1.82,3.18,15.66,5212864,2023-11-07
Weare,2021,2021-11-16,1226973153,1259803153,3.04,0.88,1.46,11.82,17.20,21423983,2023-11-07
Webster,2021,2021-11-02,217381710,236761810,6.00,2.84,1.93,11.52,22.29,5369829,2023-11-07
Wentworth,2021,2021-11-02,122957965,131149365,6.26,1.38,1.53,11.21,20.38,2607291,2023-11-07
Wentworth Location (U),2021,2021-12-03,7667236,7818236,4.51,4.65,2.06,-2.02,9.20,71617,2023-11-07
Westmoreland,2021,2021-10-27,196186442,198860842,3.75,3.26,1.72,11.67,20.40,4035561,2023-11-07
Whitefield,2021,2021-11-17,212961481,238013481,9.10,4.46,1.87,10.13,25.56,5980778,2023-11-07
Wilmot,2021,2021-10-21,218370030,223749930,6.14,2.34,1.78,10.88,21.14,4689148,2023-11-07
Wilton,2021,2021-11-19,548002656,555138156,5.65,0.83,1.54,11.20,19.22,10575817,2023-11-07
Winchester,2021,2021-11-23,297955524,345073124,6.30,3.33,1.69,20.47,31.79,10793747,2023-11-07
Windham,2021,2021-10-25,3049903280,3090033574,3.10,0.83,1.85,12.84,18.62,57216656,2023-11-07
Windsor,2021,2021-11-23,35845321,36562221,3.10,0.77,1.33,3.74,8.94,318513,2023-11-07
Wolfeboro,2021,2021-11-08,2388329637,2388715937,5.28,1.12,1.78,5.49,13.67,32426043,2023-11-07
Woodstock,2021,2021-10-27,281062715,289143815,9.18,1.61,1.93,6.28,19.00,5429886,2023-11-07
Acworth,2022,2022-12-09,118388540,122182240,8.76,2.92,1.09,13.04,25.81,3137188,2023-11-07
Albany,2022,2022-11-02,131180464,134336865,2.44,1.05,1.20,6.21,10.90,1446860,2023-11-07
Alexandria,2022,2022-11-03,278244325,296116725,6.01,1.31,1.07,9.98,18.37,5381381,2023-11-07
Allenstown,2022,2022-12-08,506478481,516483081,6.21,1.76,0.88,10.65,19.50,9884734,2023-11-07
Alstead,2022,2022-12-06,189061114,194089614,6.05,3.24,1.24,14.11,24.64,4746532,2023-11-07
Alton,2022,2022-11-14,2164112648,2176762548,3.91,1.06,1.24,5.16,11.37,24411705,2023-11-07
Amherst,2022,2022-11-08,2296994537,2362984237,4.32,0.93,1.17,14.71,21.13,49474149,2023-11-07
Andover,2022,2022-11-23,291345649,322225749,5.44,2.43,1.30,12.02,21.19,6910345,2023-11-07
Antrim,2022,2022-11-09,245361158,267658858,9.65,1.24,1.45,15.52,27.86,7352644,2023-11-07
Ashland,2022,2022-11-09,248717452,257990052,9.57,1.94,1.46,14.90,27.87,7124145,2023-11-07
Atkinson,2022,2022-11-10,1549296836,1568243436,2.24,0.67,1.01,8.35,12.27,18936713,2023-11-07
Atkinson & Gilmanton Academy Grant (U),2022,2022-12-07,785376,785376,-3.58,4.11,1.40,-1.93,0.00,0,2023-11-07
Auburn,2022,2022-11-07,884319508,894147708,3.47,0.91,1.35,12.12,17.85,15757268,2023-11-07
Barnstead,2022,2022-11-02,611398604,624725499,5.40,1.16,1.38,13.66,21.60,13303080,2023-11-07
Barrington,2022,2022-11-03,1382598171,1415742739,3.00,2.10,1.13,13.62,19.85,27582690,2023-11-07
Bartlett,2022,2022-12-06,2020968040,2038179540,0.98,0.72,0.86,2.41,4.97,10475965,2023-11-07
Bath,2022,2022-10-19,127960525,151787325,5.11,1.44,1.27,12.28,20.10,3008165,2023-11-07
Bean's Grant (U),2022,2022-12-08,1,1,0.00,0.00,0.00,0.00,0.00,0,2023-11-07
Bean's Purchase (U),2022,2022-12-09,1,1,0.00,0.00,0.00,0.00,0.00,0,2023-11-07
Bedford,2022,2022-10-25,4732160844,4812726855,3.80,0.97,1.17,11.66,17.60,84136730,2023-11-07
Belmont,2022,2022-11-07,1105308508,1127009697,6.33,0.88,0.95,10.95,19.11,21267576,2023-11-07
Bennington,2022,2022-11-17,127414497,131660297,10.40,1.20,1.43,18.62,31.65,4121647,2023-11-07
Benton,2022,2022-10-24,25279416,26556316,-1.41,1.69,1.33,15.44,17.05,449288,2023-11-07
Berlin,2022,2022-12-13,536963734,713636534,11.42,3.49,0.93,11.42,27.26,19231001,2023-11-07
Bethlehem,2022,2022-11-23,282869797,291684497,7.08,1.82,1.51,13.48,23.89,6951696,2023-11-07
Boscawen,2022,2022-11-21,291373773,301650673,11.66,2.52,1.34,15.45,30.97,9240351,2023-11-07
Bow,2022,2022-11-18,1196057404,1299968477,7.22,2.42,1.31,15.57,26.52,34091040,2023-11-07
Bradford,2022,2022-11-18,247951337,252316037,9.35,2.46,1.25,11.63,24.69,6176827,2023-11-07
Brentwood,2022,2022-11-08,704578505,730686705,4.29,0.86,1.27,15.73,22.15,16045054,2023-11-07
Bridgewater,2022,2022-12-07,452385300,459228800,2.90,1.79,1.26,2.31,8.26,3884581,2023-11-07
Bristol,2022,2022-11-07,541437704,559251804,8.87,1.82,1.28,9.02,20.99,11607893,2023-11-07
Brookfield,2022,2022-11-08,129143975,130752075,5.86,1.01,1.26,11.10,19.23,2494386,2023-11-07
Brookline,2022,2022-11-08,685058366,694876266,5.61,1.11,1.34,21.66,29.72,20427567,2023-11-07
Cambridge (U),2022,2022-12-07,9134175,9366075,-0.25,3.94,1.40,-1.89,3.20,29646,2023-11-07
Campton,2022,2022-11-21,436520282,450010782,6.25,1.97,1.31,15.74,25.27,12541894,2023-11-07
Canaan,2022,2022-11-07,443248812,450496812,6.20,1.37,1.21,18.37,27.15,12179018,2023-11-07
Candia,2022,2022-11-09,529628777,539756829,4.07,0.85,1.33,14.05,20.30,10817092,2023-11-07
Canterbury,2022,2022-11-10,358000685,366264185,5.78,2.04,1.10,11.88,20.80,7539306,2023-11-07
Carroll,2022,2022-11-23,590361869,596035969,3.39,3.51,0.90,4.32,12.12,7191849,2023-11-07
Center Harbor,2022,2022-12-06,750319739,754992199,3.72,0.84,0.94,3.49,8.99,6743221,2023-11-07
Chandler's Purchase (U),2022,2022-12-12,37050,43850,-3.26,3.51,1.40,-1.64,0.00,-9,2023-11-07
Charlestown,2022,2022-12-06,321581813,343123967,7.42,2.63,1.22,21.00,32.27,10920179,2023-11-07
Chatham,2022,2022-11-07,59308738,60953338,0.45,1.09,1.28,10.55,13.37,797841,2023-11-07
Chester,2022,2022-10-31,692381674,742463774,6.56,0.87,1.38,12.59,21.40,15581111,2023-11-07
Chesterfield,2022,2022-11-23,602765809,611423938,4.48,3.39,1.26,10.29,19.42,12384329,2023-11-07
Chichester,2022,2022-11-02,327862896,334429496,6.20,2.57,1.34,14.27,24.38,8076592,2023-11-07
Claremont,2022,2022-12-05,707811780,747000280,15.78,3.11,1.38,21.41,41.68,30798521,2023-11-07
Clarksville,2022,2022-10-26,47550041,49271441,1.95,5.57,1.51,11.68,20.71,1009112,2023-11-07
Colebrook,2022,2022-11-29,176454120,194613320,11.87,3.73,1.21,11.51,28.32,5625774,2023-11-07
Columbia,2022,2022-10-27,66722361,92725661,2.20,4.39,1.26,7.45,15.30,1379538,2023-11-07
Concord,2022,2022-11-23,4882813024,5155107924,9.11,2.15,1.21,13.42,25.89,134558728,2023-11-07
Conway,2022,2022-12-05,1756757705,1818911505,5.53,1.22,1.43,8.90,17.08,33775800,2023-11-07
Cornish,2022,2022-10-25,192041993,198054293,4.30,2.80,1.28,15.29,23.67,4640649,2023-11-07
Crawford's Purchase (U),2022,2022-12-09,229730,230130,-3.34,3.88,1.41,-1.95,0.00,-1,2023-11-07
Croydon,2022,2022-11-29,114472098,122859398,3.24,2.35,1.15,7.48,14.22,1727790,2023-11-07
Cutt's Grant (U),2022,2022-12-09,1,1,0.00,0.00,0.00,0.00,0.00,0,2023-11-07
Dalton,2022,2022-12-05,79592406,84272106,5.70,5.30,1.54,13.01,25.55,2105945,2023-11-07
Danbury,2022,2022-11-01,167269700,170973300,4.54,2.02,1.05,9.89,17.50,2960944,2023-11-07
Danville,2022,2022-11-01,561463048,582127848,3.90,0.73,1.10,13.88,19.61,11219296,2023-11-07
Deerfield,2022,2022-11-16,699821650,776214550,1.81,0.80,1.21,14.50,18.32,13880815,2023-11-07
Deering,2022,2022-11-21,231647491,244189091,6.15,1.09,1.27,14.24,22.75,5490974,2023-11-07
Derry,2022,2022-11-14,4700476355,4765088782,5.68,0.67,1.02,11.67,19.04,90134718,2023-11-07
Dix's Grant (U),2022,2022-12-07,1008318,1008318,-3.53,4.07,1.40,-1.94,0.00,1,2023-11-07
Dixville (U),2022,2022-12-05,31140410,31320810,-3.03,3.42,0.38,-0.52,0.25,7761,2023-11-07
Dorchester,2022,2022-11-14,44725328,45966628,9.06,1.73,1.34,11.00,23.13,1051745,2023-11-07
Dover,2022,2022-12-07,4964676420,5066056620,7.22,1.94,1.02,9.66,19.84,99391281,2023-11-07
Dublin,2022,2022-11-10,276952810,280427310,7.25,3.32,1.20,13.20,24.97,6919475,2023-11-07
Dummer,2022,2022-11-17,34839398,98936898,5.16,3.43,1.26,6.95,16.80,1572127,2023-11-07
Dunbarton,2022,2022-10-18,379812037,405442337,3.83,2.53,1.33,15.29,22.98,9220011,2023-11-07
Durham,2022,2022-11-09,1172933842,1244023342,8.13,2.82,1.53,16.56,29.04,35888172,2023-11-07
East Kingston,2022,2022-11-15,375601902,401192802,6.46,0.83,1.31,14.20,22.80,9040472,2023-11-07
Easton,2022,2022-12-05,76067099,77220099,0.96,1.78,1.31,7.91,11.96,918892,2023-11-07
Eaton,2022,2022-11-04,142674216,144230316,4.42,0.87,1.01,4.46,10.76,1529346,2023-11-07
Effingham,2022,2022-11-27,210438567,214655067,8.78,1.06,1.20,12.53,23.57,5004609,2023-11-07
Ellsworth,2022,2022-12-01,19042499,19499899,2.91,1.44,1.18,9.65,15.18,294269,2023-11-07
Enfield,2022,2022-11-16,585163772,594041372,7.47,1.80,1.42,15.06,25.75,15251459,2023-11-07
Epping,2022,2022-10-25,957611486,975598386,5.17,0.85,1.29,15.18,22.49,21602005,2023-11-07
Epsom,2022,2022-11-09,511478728,519134428,3.71,2.48,1.26,16.39,23.84,12203968,2023-11-07
Errol,2022,2022-12-01,83276722,92028622,4.38,4.44,1.31,3.02,13.15,1195411,2023-11-07
Erving's Grant (U),2022,2022-12-06,50409,50409,5.10,4.46,1.41,-1.96,9.01,454,2023-11-07
Exeter,2022,2022-11-18,2192122843,2238162843,5.96,0.88,1.45,16.46,24.75,55026022,2023-11-07
Farmington,2022,2022-11-30,554956802,566292102,6.87,2.64,1.40,13.27,24.18,13386074,2023-11-07
Fitzwilliam,2022,2022-11-23,432012102,497862210,3.85,2.31,0.86,9.39,16.41,8026713,2023-11-07
Francestown,2022,2022-11-08,219429845,222871345,7.79,1.09,1.26,15.70,25.84,5721260,2023-11-07
Franconia,2022,2022-11-14,413673945,419661745,4.26,1.34,1.05,5.55,12.20,5094087,2023-11-07
Franklin,2022,2022-11-14,624087819,690758249,13.12,2.69,1.42,7.16,24.39,16618297,2023-11-07
Freedom,2022,2022-11-18,656790201,661617101,4.51,1.12,1.17,3.43,10.23,6731746,2023-11-07
Fremont,2022,2022-10-19,542963387,550443587,4.23,0.88,1.31,16.77,23.19,12533612,2023-11-07
Gilford,2022,2022-11-15,2581574280,2601781920,4.14,0.98,1.09,6.04,12.25,31778891,2023-11-07
Gilmanton,2022,2022-11-30,551538452,559315752,5.17,1.13,1.32,16.35,23.97,13385441,2023-11-07
Gilsum,2022,2022-11-01,69168500,71700600,6.91,3.38,1.31,11.97,23.57,1682166,2023-11-07
Goffstown,2022,2022-10-25,1681394300,1759819500,9.21,1.22,1.45,14.43,26.31,45744135,2023-11-07
Gorham,2022,2022-12-22,311838045,384951645,8.58,2.99,0.96,11.72,24.25,9237688,2023-11-07
Goshen,2022,2022-11-18,81364782,83106142,10.38,2.84,1.26,7.55,22.03,1806134,2023-11-07
Grafton,2022,2022-11-14,138803510,141988410,5.37,1.58,1.22,18.33,26.50,3713308,2023-11-07
Grantham,2022,2022-11-14,753799703,760426703,3.47,2.09,0.92,9.96,16.44,13298951,2023-11-07
Greenfield,2022,2022-11-07,178130878,181948678,10.88,1.09,1.26,17.19,30.42,5511169,2023-11-07
Greenland,2022,2022-11-01,857576200,884534665,4.40,0.92,1.45,11.32,18.09,15772642,2023-11-07
Green's Grant (U),2022,2022-12-02,8050610,8188910,4.22,3.87,1.40,-1.90,7.59,61960,2023-11-07
Greenville,2022,2022-11-23,115639044,120638944,12.47,1.24,1.46,12.62,27.79,3277256,2023-11-07
Groton,2022,2022-11-03,95311591,109942051,0.67,2.44,1.64,4.34,9.09,954380,2023-11-07
Hadley's Purchase (U),2022,2022-12-09,1,1,0.00,0.00,0.00,0.00,0.00,0,2023-11-07
Hale's Location (U),2022,2022-11-22,81687600,82052400,1.48,0.99,1.26,-0.26,3.47,274262,2023-11-07
Hampstead,2022,2022-11-22,1342946714,1354547114,4.83,0.87,1.36,16.62,23.68,31698400,2023-11-07
Hampton,2022,2022-11-22,3762777200,3922072100,5.95,0.89,1.38,7.62,15.84,61792499,2023-11-07
Hampton Falls,2022,2022-11-15,496708716,503622716,3.85,0.89,1.39,14.86,20.99,10493930,2023-11-07
Hancock,2022,2022-11-10,289384081,297289681,6.52,0.94,1.23,13.12,21.81,6428364,2023-11-07
Hanover,2022,2022-12-01,2687632144,2704861844,4.15,1.37,1.27,9.62,16.41,47921933,2023-11-07
Harrisville,2022,2022-11-07,207195734,209114434,5.26,4.41,1.45,7.48,18.60,3881147,2023-11-07
Hart's Location,2022,2022-12-27,20461007,21096407,0.26,0.97,1.27,1.69,4.19,87387,2023-11-07
Haverhill,2022,2023-01-20,386030734,417183034,6.32,1.44,1.18,16.25,25.19,11231913,2023-11-07
Hebron,2022,2022-12-08,398616761,405148661,3.43,1.33,0.94,1.13,6.83,2821751,2023-11-07
Henniker,2022,2022-11-04,710412824,723351324,6.93,1.79,0.88,11.84,21.44,15457467,2023-11-07
Hill,2022,2022-11-21,92230259,96056259,5.20,2.58,1.40,16.85,26.03,2474488,2023-11-07
Hillsborough,2022,2022-11-21,561935882,599570797,10.34,1.15,1.26,13.94,26.69,16050756,2023-11-07
Hinsdale,2022,2022-12-08,323728151,439063789,5.61,3.31,1.02,18.04,27.98,12093063,2023-11-07
Holderness,2022,2022-10-28,958278684,978872384,2.29,1.43,1.29,6.21,11.22,10908884,2023-11-07
Hollis,2022,2022-11-07,1434844261,1450060561,5.19,1.18,1.36,14.84,22.57,32442922,2023-11-07
Hooksett,2022,2022-11-30,1987357506,2080539306,6.90,2.62,1.39,13.14,24.05,49651647,2023-11-07
Hopkinton,2022,2022-11-21,761168299,790826099,7.07,2.50,1.35,21.33,32.25,25563610,2023-11-07
Hudson,2022,2022-12-06,4581821419,4768015119,4.58,0.81,1.02,8.28,14.69,69061724,2023-11-07
Jackson,2022,2022-11-08,476844505,480272705,4.76,1.10,1.30,3.74,10.90,5503407,2023-11-07
Jaffrey,2022,2022-11-02,521363591,530954091,10.25,3.96,1.36,15.41,30.98,16285464,2023-11-07
Jefferson,2022,2022-11-29,154893759,164037759,3.55,3.45,1.23,10.33,18.56,3027593,2023-11-07
Keene,2022,2022-11-10,2099146400,2218286000,12.31,3.13,1.21,14.38,31.03,68317856,2023-11-07
Kensington,2022,2022-11-08,385117891,403918460,4.55,0.87,1.38,13.06,19.86,7957276,2023-11-07
Kilkenny (U),2022,2022-12-09,1,25100,-4.02,4.02,0.00,0.00,0.00,0,2023-11-07
Kingston,2022,2022-11-03,824192653,868086353,4.64,0.90,1.42,15.75,22.71,19478213,2023-11-07
Laconia,2022,2022-11-21,3377911463,3441276113,6.17,0.85,0.97,6.86,14.85,50612287,2023-11-07
Lancaster,2022,2022-11-30,269901928,284507128,10.16,4.41,1.28,8.44,24.29,6854682,2023-11-07
Landaff,2022,2022-11-22,58568978,60440778,5.53,1.32,1.12,14.76,22.73,1365923,2023-11-07
Langdon,2022,2022-12-02,73623278,75651798,3.53,2.24,1.15,15.50,22.42,1672281,2023-11-07
Lebanon,2022,2022-11-09,2612602630,2737088398,8.62,1.36,1.14,11.92,23.04,62820603,2023-11-07
Lee,2022,2022-11-14,720758280,736219980,4.61,2.03,1.11,13.97,21.72,15882636,2023-11-07
Lempster,2022,2022-10-27,123167470,130161170,3.50,3.44,1.48,15.23,23.65,3044361,2023-11-07
Lincoln,2022,2022-11-01,1240464524,1257495124,5.55,1.33,1.11,2.56,10.55,13195171,2023-11-07
Lisbon,2022,2022-11-21,115145922,119622822,11.14,2.03,1.39,19.72,34.28,4079347,2023-11-07
Litchfield,2022,2022-11-10,1155580795,1211165195,3.98,1.04,1.23,12.78,19.03,22655011,2023-11-07
Littleton,2022,2022-10-31,651887533,720815733,5.93,2.08,1.76,13.29,23.06,16363397,2023-11-07
Livermore (U),2022,2022-12-09,136600,136600,-0.83,1.30,1.23,-1.70,0.00,1,2023-11-07
Londonderry,2022,2022-11-17,4507966785,5134057785,4.22,0.74,1.18,12.34,18.48,93252101,2023-11-07
Loudon,2022,2022-12-15,699380650,720840750,4.13,2.14,1.22,11.06,18.55,13115623,2023-11-07
Low & Burbank's Grant (U),2022,2022-12-12,1,1,0.00,0.00,0.00,0.00,0.00,0,2023-11-07
Lyman,2022,2022-11-16,74009704,76600804,5.65,1.66,1.24,10.90,19.45,1470873,2023-11-07
Lyme,2022,2022-10-28,405215200,410895100,5.76,1.46,1.20,15.56,23.98,9808949,2023-11-07
Lyndeborough,2022,2022-11-08,214740697,217444397,8.03,1.05,1.27,11.75,22.10,4762889,2023-11-07
Madbury,2022,2022-11-10,279221633,305534933,4.25,2.45,1.27,17.30,25.27,7659199,2023-11-07
Madison,2022,2022-11-16,586892193,599344393,4.13,1.15,1.27,8.94,15.49,9492498,2023-11-07
Manchester,2022,2022-11-15,12875261989,13264649054,8.81,0.92,1.20,7.31,18.24,240158354,2023-11-07
Marlborough,2022,2022-11-07,212139137,219033337,5.66,3.00,1.06,16.39,26.11,5668752,2023-11-07
Marlow,2022,2022-11-07,73223692,75088192,5.43,3.32,1.26,15.82,25.83,1923479,2023-11-07
Martin's Location (U),2022,2022-12-06,1,433500,13.00,2.65,0.00,0.00,15.65,6785,2023-11-07
Mason,2022,2022-10-27,206325580,213329880,7.59,0.98,1.20,10.56,20.33,4291392,2023-11-07
Meredith,2022,2022-12-06,2342764034,2355818734,4.69,1.23,1.28,6.77,13.97,32585467,2023-11-07
Merrimack,2022,2022-11-14,4860577368,5038905168,3.86,0.88,1.11,11.53,17.38,86651311,2023-11-07
Middleton,2022,2022-12-07,183331500,186832200,8.44,3.26,1.51,12.88,26.09,4875759,2023-11-07
Milan,2022,2022-11-10,132209956,153819856,3.62,4.03,1.17,11.55,20.37,3097127,2023-11-07
Milford,2022,2022-10-25,2028774070,2071654970,4.51,0.92,1.12,14.24,20.79,42782276,2023-11-07
Millsfield (U),2022,2022-12-12,79647322,79721422,-3.95,3.87,0.15,-0.07,0.00,-11,2023-11-07
Milton,2022,2022-11-30,484745763,500738078,7.73,2.90,1.30,12.55,24.48,12050027,2023-11-07
Monroe,2022,2022-11-02,85455334,422501034,2.02,1.78,1.36,7.03,12.19,4683005,2023-11-07
Mont Vernon,2022,2022-11-18,321325787,325148387,6.62,1.22,1.34,18.85,28.03,9057287,2023-11-07
Moultonborough,2022,2022-11-18,4862373529,4892023118,1.25,0.80,0.97,1.76,4.78,23189910,2023-11-07
Nashua,2022,2022-11-07,13410152743,13854931043,7.56,0.95,1.12,8.44,18.07,248421992,2023-11-07
Nelson,2022,2022-11-14,160702217,165515917,4.73,2.68,1.05,5.66,14.12,2336739,2023-11-07
New Boston,2022,2022-11-21,924255329,938240329,4.54,0.90,1.07,12.67,19.18,17807985,2023-11-07
New Castle,2022,2022-11-18,1073118196,1074926896,2.42,0.71,1.06,0.31,4.50,4812253,2023-11-07
New Durham,2022,2022-12-01,604278810,609841210,5.22,2.39,1.23,9.08,17.92,10836285,2023-11-07
New Hampton,2022,2022-11-07,306992713,339592413,6.67,1.31,1.44,9.97,19.39,6469153,2023-11-07
New Ipswich,2022,2022-11-14,485434508,497871208,4.08,1.12,1.30,17.01,23.51,11447535,2023-11-07
New London,2022,2022-11-14,1280340505,1293797005,4.80,2.59,1.38,7.09,15.86,20879019,2023-11-07
Newbury,2022,2022-10-25,1101242613,1108403413,3.06,1.96,1.08,5.28,11.38,12476647,2023-11-07
Newfields,2022,2022-11-17,304507141,306337858,3.82,0.86,1.29,14.99,20.96,6384280,2023-11-07
Newington,2022,2022-11-02,623074471,959456671,6.59,0.85,1.27,1.17,9.88,9009726,2023-11-07
Newmarket,2022,2022-10-25,989156531,995277048,6.27,0.94,1.42,18.36,26.99,26715336,2023-11-07
Newport,2022,2022-11-21,722072401,744922601,7.16,1.95,0.84,10.95,20.90,15443488,2023-11-07
Newton,2022,2022-11-03,637987845,652729145,3.73,0.90,1.25,16.61,22.49,14518352,2023-11-07
North Hampton,2022,2022-12-08,1183551393,1201077393,5.85,0.94,1.41,8.97,17.17,20458308,2023-11-07
Northfield,2022,2022-11-23,576392786,591405586,4.21,1.77,0.91,7.66,14.55,9413726,2023-11-07
Northumberland,2022,2022-11-22,84799374,135160674,14.31,5.14,1.47,12.14,33.06,4521448,2023-11-07
Northwood,2022,2022-11-14,924103423,935955223,1.51,0.65,0.92,9.50,12.58,11726570,2023-11-07
Nottingham,2022,2022-12-07,801136877,827505577,3.77,0.82,1.22,13.30,19.11,15495712,2023-11-07
Odell (U),2022,2022-12-02,2266318,2266318,1.76,4.93,1.71,-2.37,6.03,13666,2023-11-07
Orange,2022,2022-11-22,36203412,37194912,4.14,1.31,1.14,15.64,22.23,822812,2023-11-07
Orford,2022,2022-11-22,156570564,160011164,6.50,1.47,1.30,18.98,28.25,4472643,2023-11-07
Ossipee,2022,2022-11-07,782494509,795837409,5.77,1.12,1.43,10.06,18.38,16159057,2023-11-07
Pelham,2022,2022-11-07,2623388770,2698026906,5.44,0.85,1.03,10.10,17.42,46639418,2023-11-07
Pembroke,2022,2022-11-21,769128222,794380722,5.36,2.52,1.28,15.74,24.90,19599757,2023-11-07
Penacook,2022,2022-11-23,0,0,9.11,2.15,1.16,16.71,29.13,0,2023-11-07
Peterborough,2022,2022-11-16,867260801,883270701,9.17,0.97,1.21,14.51,25.86,22588259,2023-11-07
Piermont,2022,2022-11-23,129272097,131940997,5.12,1.24,0.97,12.66,19.99,2615512,2023-11-07
Pinkham's Grant (U),2022,2022-12-02,2820530,3021130,10.28,5.63,1.99,-2.57,15.33,45915,2023-11-07
Pittsburg,2022,2022-10-19,292088840,303457440,3.62,4.91,1.39,5.98,15.90,4797670,2023-11-07
Pittsfield,2022,2022-10-26,343648591,355144891,8.83,2.34,1.19,11.42,23.78,8370465,2023-11-07
Plainfield,2022,2022-10-24,304417676,311584776,5.39,3.05,1.40,15.06,24.90,7689363,2023-11-07
Plaistow,2022,2022-11-07,1327511802,1367573146,5.18,0.71,1.21,11.91,19.01,25785841,2023-11-07
Plymouth,2022,2022-11-09,472997743,495522343,13.28,1.66,1.36,15.14,31.44,15480005,2023-11-07
Portsmouth,2022,2022-11-15,6303308294,6493196779,7.59,0.85,1.36,5.40,15.20,97900844,2023-11-07
Randolph,2022,2022-10-31,65580178,77824378,6.09,3.88,1.31,5.64,16.92,1295748,2023-11-07
Raymond,2022,2022-11-21,1315644699,1345083599,4.22,0.72,1.17,12.18,18.29,24126635,2023-11-07
Richmond,2022,2022-11-29,158520114,171345144,1.93,2.33,0.88,9.60,14.74,2498141,2023-11-07
Rindge,2022,2022-11-08,706926551,723805850,3.88,3.69,1.31,14.15,23.03,16413138,2023-11-07
Rochester,2022,2022-12-02,2706684605,2833624405,7.96,2.75,1.37,13.20,25.28,70773442,2023-11-07
Rollinsford,2022,2022-11-21,468160412,473013212,2.93,1.64,0.90,9.40,14.87,6977939,2023-11-07
Roxbury,2022,2022-11-28,23702542,24771642,5.13,3.50,1.37,14.13,24.13,594975,2023-11-07
Rumney,2022,2022-11-01,186722030,201190430,5.22,2.11,1.41,14.26,23.00,4565680,2023-11-07
Rye,2022,2022-11-14,3226604800,3244252900,2.07,0.67,1.04,3.20,6.98,23516906,2023-11-07
Salem,2022,2022-10-26,6371670218,6512647718,5.08,0.72,1.14,9.11,16.05,103775281,2023-11-07
Salisbury,2022,2022-11-21,227055743,243946543,3.33,1.80,0.88,9.95,15.96,3840423,2023-11-07
Sanbornton,2022,2022-11-28,528931198,534774798,8.06,1.23,1.35,9.23,19.87,10509386,2023-11-07
Sandown,2022,2022-11-03,685915939,694011339,5.48,0.98,1.52,20.39,28.37,19443296,2023-11-07
Sandwich,2022,2022-11-23,445208524,454944124,5.11,1.11,1.36,6.83,14.41,6443001,2023-11-07
Sargent's Purchase (U),2022,2022-12-12,1888530,1888530,-3.35,3.89,1.41,-1.95,0.00,-1,2023-11-07
Seabrook,2022,2022-11-29,2149881650,3586283600,6.31,0.68,1.13,5.13,13.25,45476936,2023-11-07
Second College Grant (U),2022,2022-12-12,1407854,1407854,-3.67,4.20,1.40,-1.93,0.00,0,2023-11-07
Sharon,2022,2022-11-23,57681117,58519517,5.54,0.96,1.22,15.49,23.21,1352115,2023-11-07
Shelburne,2022,2022-10-27,58804707,91863307,5.08,3.13,1.06,6.01,15.28,1364929,2023-11-07
Somersworth,2022,2022-12-02,1113670748,1134772148,8.55,2.54,1.35,15.65,28.09,31611263,2023-11-07
South Hampton,2022,2022-11-29,168073021,173656621,4.09,0.80,1.27,13.70,19.86,3426890,2023-11-07
Springfield,2022,2022-11-15,235023888,241582188,4.50,2.87,1.22,11.95,20.54,4962537,2023-11-07
Stark,2022,2022-11-14,62343938,80036377,3.86,3.66,1.28,7.56,16.36,1278348,2023-11-07
Stewartstown,2022,2022-11-15,90810511,111947711,3.53,4.23,1.32,15.28,24.36,2682845,2023-11-07
Stoddard,2022,2022-12-09,290850670,303280870,3.63,3.73,1.31,7.66,16.33,4971213,2023-11-07
Strafford,2022,2022-12-27,704617000,724284400,2.98,2.09,1.14,10.92,17.13,12338871,2023-11-07
Stratford,2022,2022-11-09,64671522,105275922,5.64,3.28,0.94,9.30,19.16,1971618,2023-11-07
Stratham,2022,2022-11-18,1592855795,1620725595,3.07,0.83,1.27,13.54,18.71,30008082,2023-11-07
Success (U),2022,2022-12-05,12097096,12158396,0.89,4.14,1.48,-2.03,4.48,54379,2023-11-07
Sugar Hill,2022,2022-11-17,164202818,167714818,9.29,2.12,1.30,7.81,20.52,3421543,2023-11-07
Sullivan,2022,2022-11-09,60764858,65718258,9.56,3.54,1.22,12.10,26.42,1723984,2023-11-07
Sunapee,2022,2022-11-16,1456025412,1481348412,3.35,2.89,1.24,6.51,13.99,20619164,2023-11-07
Surry,2022,2022-11-02,130966671,136133871,1.79,2.49,0.89,10.89,16.06,2161311,2023-11-07
Sutton,2022,2022-10-28,319382895,323860114,7.21,2.61,1.28,13.06,24.16,7745729,2023-11-07
Swanzey,2022,2022-11-03,612016487,629990001,6.83,3.69,1.32,13.16,25.00,15546203,2023-11-07
Tamworth,2022,2022-12-01,391102574,401286874,7.07,1.21,1.31,14.18,23.77,9446147,2023-11-07
Temple,2022,2022-11-16,162153172,165061172,5.83,1.14,1.27,16.72,24.96,4084635,2023-11-07
Thomsom & Meserve's Purchase (U),2022,2022-12-07,6247820,6275420,-1.46,4.13,1.28,-1.76,2.19,13707,2023-11-07
Thornton,2022,2022-11-08,444995943,453904643,4.23,1.59,1.27,12.92,20.01,9363527,2023-11-07
Tilton,2022,2022-11-23,618300567,657037967,5.60,1.23,1.28,7.96,16.07,12121027,2023-11-07
Troy,2022,2022-11-21,118764936,139844236,11.73,3.88,1.52,13.71,30.84,4229456,2023-11-07
Tuftonboro,2022,2022-11-07,1832419428,1849236728,2.04,0.77,0.89,2.74,6.44,11790967,2023-11-07
Unity,2022,2022-12-06,132691393,135828393,9.41,2.90,1.30,15.38,28.99,3877887,2023-11-07
Wakefield,2022,2022-11-14,1138295771,1151980071,3.48,1.28,1.43,6.06,12.25,13802687,2023-11-07
Walpole,2022,2022-12-05,700754235,716593435,3.54,2.47,0.88,9.44,16.33,12351519,2023-11-07
Warner,2022,2022-11-21,317602214,326348614,9.29,2.56,1.30,15.27,28.42,9360732,2023-11-07
Warren,2022,2022-12-01,93365253,111158753,4.15,1.41,1.10,12.53,19.19,2089164,2023-11-07
Washington,2022,2022-11-21,243564300,246840100,7.70,3.13,1.42,9.59,21.84,5394394,2023-11-07
Waterville Valley,2022,2022-10-20,491584052,495024552,6.48,1.15,0.87,2.10,10.60,5236867,2023-11-07
Weare,2022,2022-11-08,1240214726,1282284826,3.05,0.88,1.09,12.38,17.40,22062300,2023-11-07
Webster,2022,2022-11-23,219521941,239282341,6.09,2.76,1.50,12.50,22.85,5583807,2023-11-07
Wentworth,2022,2022-11-29,124086238,133238138,6.31,1.27,1.07,11.57,20.22,2633282,2023-11-07
Wentworth's Location (U),2022,2022-12-06,7754787,7899887,5.36,3.84,1.38,-1.42,9.16,72163,2023-11-07
Westmoreland,2022,2022-11-14,197144911,199772241,3.72,2.92,1.21,12.70,20.55,4084740,2023-11-07
Whitefield,2022,2022-11-30,221678826,243470626,9.77,4.14,1.29,10.22,25.42,6103412,2023-11-07
Wilmot,2022,2022-11-03,220887475,225408475,6.50,2.44,1.25,11.13,21.32,4768607,2023-11-07
Wilton,2022,2022-11-28,553444400,561446400,6.87,0.89,1.05,11.85,20.66,11439081,2023-11-07
Winchester,2022,2022-11-29,301865843,342970612,7.17,3.57,1.24,16.72,28.70,9639537,2023-11-07
Windham,2022,2022-11-15,3084980890,3120305790,3.30,0.88,1.28,14.30,19.76,61422851,2023-11-07
Windsor,2022,2022-12-02,36299462,37093862,3.48,0.81,0.96,-1.86,3.39,118385,2023-11-07
Wolfeboro,2022,2022-11-14,2420387344,2420748144,5.40,1.08,1.31,5.43,13.22,31777667,2023-11-07
Woodstock,2022,2022-11-02,282220151,289470451,8.69,1.78,1.29,6.62,18.38,5263863,2023-11-07
Acworth,2023,2023-12-06,119325960,123119660,8.42,2.60,1.86,12.45,25.33,3096065,2024-03-16
Albany,2023,2023-10-26,133633688,136422389,1.46,1.17,1.77,5.68,10.08,1357158,2024-03-16
Alexandria,2023,2023-11-14,282637820,298228820,5.99,1.30,1.46,9.90,18.65,5501124,2024-03-16
Allenstown,2023,2023-11-02,520079617,530349917,6.34,1.67,1.25,11.94,21.20,11003382,2024-03-16
Alstead,2023,2023-12-08,189631550,193768550,6.22,3.65,1.63,13.93,25.43,4890890,2024-03-16
Alton,2023,2023-11-15,2174234415,2186371715,4.44,1.51,1.73,5.50,13.18,28463531,2024-03-16
Amherst,2023,2023-11-03,2318721806,2390811306,4.18,1.10,1.54,15.06,21.88,51791933,2024-03-16
Andover,2023,2023-12-05,293388356,318636656,6.70,2.68,1.78,11.79,22.95,7410837,2024-03-16
Antrim,2023,2023-12-07,402669310,433680710,6.52,0.89,1.24,10.09,18.74,8019222,2024-03-16
Ashland,2023,2023-11-27,413352758,442202158,5.57,1.09,1.31,9.33,17.30,7529054,2024-03-16
Atkinson,2023,2023-10-31,1567391809,1586779409,2.63,0.68,1.42,9.77,14.50,22678898,2024-03-16
Atkinson & Gilmanton Academy Grant (U),2023,2024-01-23,1005072,1005072,-2.80,2.80,1.43,-1.43,0.00,0,2024-03-16
Auburn,2023,2023-10-18,1391254753,1407260003,2.31,0.61,1.22,8.47,12.61,17525523,2024-03-16
Barnstead,2023,2023-11-14,1049780124,1071029438,3.33,0.94,1.11,8.97,14.35,15176486,2024-03-16
Barrington,2023,2023-11-07,1800341052,1842472352,2.66,1.72,1.20,11.11,16.69,30124805,2024-03-16
Bartlett,2023,2023-11-29,2043004938,2062110138,0.70,0.82,1.23,2.41,5.16,11058077,2024-03-16
Bath,2023,2023-10-11,129604612,149974412,6.04,1.48,1.51,13.97,23.00,3407053,2024-03-16
Bean's Grant (U),2023,2024-01-22,1,1,0.00,0.00,0.00,0.00,0.00,0,2024-03-16
Bean's Purchase (U),2023,2024-01-23,1,1,0.00,0.00,0.00,0.00,0.00,0,2024-03-16
Bedford,2023,2023-11-02,6023296732,6121158432,3.29,0.86,1.26,9.39,14.80,89986839,2024-03-16
Belmont,2023,2023-11-08,1279417770,1302693459,5.86,0.89,1.25,9.47,17.47,22399669,2024-03-16
Bennington,2023,2023-11-07,128369731,132028631,10.63,1.24,1.97,18.31,32.15,4197682,2024-03-16
Benton,2023,2023-11-13,52434895,54308895,-0.35,0.89,0.91,6.91,8.36,450517,2024-03-16
Berlin,2023,2023-12-06,534387116,731586816,11.58,2.96,1.23,11.13,26.90,19374704,2024-03-16
Bethlehem,2023,2023-11-21,502078491,517509191,4.01,1.08,1.14,9.20,15.43,8005932,2024-03-16
Boscawen,2023,2023-11-22,503400881,516585081,6.65,1.45,1.05,10.28,19.43,9935905,2024-03-16
Bow,2023,2023-10-23,1205906644,1310568500,6.91,2.54,1.76,16.60,27.81,35937205,2024-03-16
Bradford,2023,2023-12-04,251736638,255391438,11.07,2.39,1.77,12.57,27.80,7048882,2024-03-16
Brentwood,2023,2023-11-01,718625492,742919892,3.87,0.81,1.77,17.08,23.53,17304404,2024-03-16
Bridgewater,2023,2023-11-14,458424700,465392300,2.79,1.46,1.96,1.85,8.06,3844270,2024-03-16
Bristol,2023,2023-11-17,545489070,561253670,9.53,1.79,2.00,9.43,22.75,12627291,2024-03-16
Brookfield,2023,2023-10-18,131614807,132969707,5.82,1.20,1.70,9.54,18.26,2418774,2024-03-16
Brookline,2023,2023-11-02,1130609246,1142669546,3.56,0.80,1.12,15.30,20.78,23520166,2024-03-16
Cambridge (U),2023,2024-01-22,12328831,12624531,0.71,2.79,1.30,-1.27,3.53,44179,2024-03-16
Campton,2023,2023-11-21,444220695,455042195,7.94,1.88,2.13,16.82,28.77,14282543,2024-03-16
Canaan,2023,2023-10-31,449787721,456527821,6.56,1.39,1.50,17.70,27.15,12340321,2024-03-16
Candia,2023,2023-11-16,532358715,544778761,4.45,0.86,1.80,13.52,20.63,11025180,2024-03-16
Canterbury,2023,2023-11-22,363176084,370653184,6.35,2.26,1.48,10.91,21.00,7701751,2024-03-16
Carroll,2023,2023-11-01,610984021,617357121,3.19,2.82,1.50,4.82,12.33,7564703,2024-03-16
Center Harbor,2023,2023-11-09,755626127,761036317,3.88,1.00,1.37,3.55,9.80,7411244,2024-03-16
Chandler's Purchase (U),2023,2024-01-23,40880,48980,-3.67,3.41,1.57,-1.31,0.00,-13,2024-03-16
Charlestown,2023,2023-12-07,325184376,343977276,8.99,2.75,1.64,20.93,34.31,11642340,2024-03-16
Chatham,2023,2023-11-28,59360330,61062130,-0.93,1.12,1.87,14.36,16.42,984458,2024-03-16
Chester,2023,2023-10-30,700469882,740093482,6.72,0.89,1.80,13.79,23.20,16851846,2024-03-16
Chesterfield,2023,2023-11-30,607893865,616251783,4.79,3.20,1.69,10.14,19.82,12783343,2024-03-16
Chichester,2023,2023-11-21,538312739,547150539,3.74,1.56,1.14,9.98,16.42,8898137,2024-03-16
Claremont,2023,2023-12-14,1172715831,1228844331,10.30,2.16,1.19,14.15,27.80,33811210,2024-03-16
Clarksville,2023,2023-10-24,48049774,49357074,3.39,5.25,2.45,7.83,18.92,920533,2024-03-16
Colebrook,2023,2023-11-26,177107126,193600126,12.09,4.86,1.64,13.07,31.66,6236640,2024-03-16
Columbia,2023,2023-11-09,67937017,89388717,2.48,5.02,1.91,7.43,16.84,1456133,2024-03-16
Concord,2023,2023-11-21,4915345492,5197027215,9.51,2.17,1.57,13.61,26.86,140050943,2024-03-16
Conway,2023,2023-12-06,3108147290,3196053790,2.82,0.80,1.18,5.38,10.18,35600838,2024-03-16
Cornish,2023,2023-10-31,193794430,199733630,4.70,2.55,1.77,17.21,26.23,5172001,2024-03-16
Crawford's Purchase (U),2023,2024-01-23,419190,419690,-2.09,2.09,0.95,-0.95,0.00,-1,2024-03-16
Croydon,2023,2023-12-04,116100250,122473450,3.29,2.55,1.50,6.08,13.42,1610784,2024-03-16
Cutt's Grant (U),2023,2024-01-22,1,1,0.00,0.00,0.00,0.00,0.00,0,2024-03-16
Dalton,2023,2023-10-30,137432963,143615363,2.98,3.11,1.27,7.39,14.75,2092476,2024-03-16
Danbury,2023,2023-11-13,170049033,173498733,6.85,2.08,1.46,9.61,20.00,3439538,2024-03-16
Danville,2023,2023-10-25,568341034,588594634,4.48,0.75,1.53,18.45,25.21,14636983,2024-03-16
Deerfield,2023,2023-11-07,707889402,783182602,4.54,0.84,1.65,15.63,22.66,17364434,2024-03-16
Deering,2023,2023-11-13,234178022,244862022,6.15,1.32,1.78,16.73,25.98,6293098,2024-03-16
Derry,2023,2023-11-14,4740374331,4803457666,5.94,0.66,1.41,12.67,20.68,98685880,2024-03-16
Dix's Grant (U),2023,2024-01-22,1413477,1413477,-2.60,2.60,1.29,-1.29,0.00,0,2024-03-16
Dixville (U),2023,2024-01-22,10792829,11025329,-9.69,10.78,1.35,-1.32,1.12,12035,2024-03-16
Dorchester,2023,2023-11-20,44993067,46007567,10.34,1.57,1.92,11.99,25.82,1176168,2024-03-16
Dover,2023,2023-12-01,5656407830,5765354530,6.69,1.78,1.26,8.97,18.70,106646982,2024-03-16
Dublin,2023,2023-10-31,279078664,282220564,7.89,3.72,1.65,14.41,27.67,7722733,2024-03-16
Dummer,2023,2023-11-15,35131914,98607614,5.55,4.16,1.69,6.70,18.10,1668274,2024-03-16
Dunbarton,2023,2023-10-19,387073295,410451695,4.42,2.48,1.82,16.85,25.57,10392235,2024-03-16
Durham,2023,2023-10-27,1753952068,1856713268,5.75,1.76,1.39,11.58,20.48,37750649,2024-03-16
East Kingston,2023,2023-11-09,377791127,399850427,7.12,0.85,1.74,15.48,25.19,9960450,2024-03-16
Easton,2023,2023-11-28,76647241,77783741,0.72,1.71,1.96,8.50,12.89,997255,2024-03-16
Eaton,2023,2023-10-19,144067077,145713877,5.42,0.91,1.48,5.26,13.07,1880043,2024-03-16
Effingham,2023,2023-11-09,212226643,215621843,8.87,1.40,1.79,12.63,24.69,5263377,2024-03-16
Ellsworth,2023,2023-10-26,19175379,19479979,4.46,1.59,1.58,7.38,15.01,291013,2024-03-16
Enfield,2023,2023-11-03,592670206,600649806,8.64,1.70,1.97,14.85,27.16,16262855,2024-03-16
Epping,2023,2023-10-31,986579598,1002601698,4.93,0.86,1.74,15.87,23.40,23119501,2024-03-16
Epsom,2023,2023-10-31,512752825,519975125,3.64,2.23,1.81,16.95,24.63,12640365,2024-03-16
Errol,2023,2023-12-08,126232170,136515070,3.07,2.99,1.30,2.20,9.56,1286316,2024-03-16
Erving's Grant (U),2023,2024-01-22,58914,58914,-2.78,2.78,1.70,-1.70,0.00,0,2024-03-16
Exeter,2023,2023-11-02,2197986913,2242007713,6.23,0.96,1.87,17.72,26.78,59669148,2024-03-16
Farmington,2023,2023-11-30,562913300,571763400,8.04,2.95,1.91,12.76,25.66,14370545,2024-03-16
Fitzwilliam,2023,2023-11-20,436139148,506140456,3.88,2.41,1.13,9.50,16.92,8395719,2024-03-16
Francestown,2023,2023-10-31,220638836,223461636,7.97,1.38,1.79,16.74,27.88,6190258,2024-03-16
Franconia,2023,2023-11-22,420349925,425112325,6.02,1.40,1.47,5.46,14.35,6071360,2024-03-16
Franklin,2023,2023-11-07,1023870550,1137815610,8.76,1.58,1.19,4.73,16.26,18236163,2024-03-16
Freedom,2023,2023-11-08,664602035,669210235,3.92,1.31,1.90,3.85,10.98,7308472,2024-03-16
Fremont,2023,2023-10-24,551223232,557892132,4.41,0.87,1.82,16.49,23.59,12905912,2024-03-16
Gilford,2023,2023-11-08,3482925560,3506841980,3.39,0.99,1.20,4.72,10.30,36074076,2024-03-16
Gilmanton,2023,2023-11-21,560270674,565917874,4.56,1.49,1.83,15.51,23.39,13225534,2024-03-16
Gilsum,2023,2023-11-07,69348003,71796803,8.11,3.41,1.69,12.82,26.03,1860332,2024-03-16
Goffstown,2023,2023-10-24,2595512800,2706202200,6.50,0.88,1.31,10.17,18.86,50448970,2024-03-16
Gorham,2023,2023-12-05,315027707,389950607,8.00,3.01,1.26,12.28,24.55,9440384,2024-03-16
Goshen,2023,2023-11-16,83049401,85044601,9.98,3.03,1.77,6.79,21.57,1808880,2024-03-16
Grafton,2023,2023-10-26,139967982,142365382,6.74,1.63,1.73,17.20,27.30,3839179,2024-03-16
Grantham,2023,2023-11-03,755052785,766222685,3.81,2.17,1.33,10.28,17.59,14328930,2024-03-16
Greenfield,2023,2023-10-30,174052013,177313813,12.07,1.36,1.85,18.62,33.90,5963154,2024-03-16
Greenland,2023,2023-11-09,1363262800,1398541000,2.88,0.63,1.23,7.53,12.27,16928706,2024-03-16
Green's Grant (U),2023,2024-01-22,8956790,9125290,4.10,3.44,1.54,-1.51,7.57,68819,2024-03-16
Greenville,2023,2023-12-01,218728230,226346430,7.73,0.77,1.08,7.90,17.48,3859308,2024-03-16
Groton,2023,2023-11-15,96225077,108407837,0.35,2.22,1.44,5.99,10.00,1043035,2024-03-16
Hadley's Purchase (U),2023,2024-01-22,1,1,0.00,0.00,0.00,0.00,0.00,0,2024-03-16
Hale's Location (U),2023,2023-12-04,82721700,83111500,1.41,1.03,1.68,-0.24,3.88,311617,2024-03-16
Hampstead,2023,2023-11-01,1354560621,1365992621,4.03,0.86,1.82,18.73,25.44,34383046,2024-03-16
Hampton,2023,2023-11-28,3779899500,3953299000,5.98,0.89,1.89,7.99,16.75,65871801,2024-03-16
Hampton Falls,2023,2023-10-30,864883727,874896527,2.46,0.53,1.09,8.87,12.95,11251895,2024-03-16
Hancock,2023,2023-10-31,292031762,299937362,7.96,1.19,1.55,13.45,24.15,7187433,2024-03-16
Hanover,2023,2023-11-20,2705792687,2721968787,4.39,1.40,1.52,9.75,17.06,50248091,2024-03-16
Harrisville,2023,2023-11-07,343213885,346509785,3.89,2.49,1.34,4.84,12.56,4341446,2024-03-16
Hart's Location,2023,2024-01-10,20481456,21158956,0.46,0.96,1.67,-2.58,0.51,9460,2024-03-16
Haverhill,2023,2023-11-13,387751123,410095123,6.61,1.58,1.59,19.14,28.92,12492321,2024-03-16
Hebron,2023,2023-11-17,402412691,408647491,2.87,1.15,1.47,0.89,6.38,2667099,2024-03-16
Henniker,2023,2023-11-03,725487597,738395597,6.93,1.68,1.27,12.50,22.38,16411661,2024-03-16
Hill,2023,2023-11-16,92859305,96003305,7.38,2.75,1.87,16.24,28.24,2684454,2024-03-16
Hillsborough,2023,2023-11-03,566855256,600153876,10.40,1.28,1.87,17.67,31.22,18698988,2024-03-16
Hinsdale,2023,2023-11-20,326092477,440315598,6.93,2.92,1.49,16.72,28.06,12108214,2024-03-16
Holderness,2023,2023-11-07,1357342269,1394615669,1.80,1.00,1.13,4.66,8.59,11890297,2024-03-16
Hollis,2023,2023-11-14,2274622789,2294628789,3.99,0.88,1.23,10.56,16.66,37939658,2024-03-16
Hooksett,2023,2023-12-21,3054461324,3167476924,4.61,1.64,1.24,8.49,15.98,50128305,2024-03-16
Hopkinton,2023,2023-11-20,769150002,794241202,7.53,2.46,1.82,23.21,35.02,27874094,2024-03-16
Hudson,2023,2023-11-21,4741298156,4928386656,4.71,0.89,1.29,8.79,15.68,76238959,2024-03-16
Jackson,2023,2023-11-06,483722381,486711781,4.93,1.24,1.87,4.32,12.36,6342956,2024-03-16
Jaffrey,2023,2023-11-03,524512173,533876473,10.31,3.98,1.98,17.08,33.35,17630988,2024-03-16
Jefferson,2023,2023-11-16,155864893,164777293,4.33,3.31,1.53,8.77,17.94,2936769,2024-03-16
Keene,2023,2023-11-15,2120751465,2235081865,12.55,3.08,1.57,14.69,31.89,70696962,2024-03-16
Kensington,2023,2023-10-31,659587090,679598420,2.83,0.53,1.07,8.72,13.15,8875707,2024-03-16
Kilkenny (U),2023,2024-01-23,1,33500,-2.87,2.87,0.00,0.00,0.00,0,2024-03-16
Kingston,2023,2023-11-15,1303197746,1365510246,3.62,0.61,1.21,10.34,15.78,21225153,2024-03-16
Laconia,2023,2023-11-20,3894336975,3962320174,5.79,0.98,1.20,5.94,13.91,54598094,2024-03-16
Lancaster,2023,2023-12-01,419009367,445062167,6.93,2.59,1.26,6.53,17.31,7633500,2024-03-16
Landaff,2023,2023-11-16,59073549,60482649,6.17,1.45,1.45,12.93,22.00,1323176,2024-03-16
Langdon,2023,2023-12-13,74956985,78090285,4.68,2.12,1.41,13.90,22.11,1699158,2024-03-16
Lebanon,2023,2023-11-06,2624138445,2744378645,8.97,1.27,1.51,12.53,24.28,66347250,2024-03-16
Lee,2023,2023-11-17,720220316,733320216,5.59,2.24,1.50,14.30,23.63,17166206,2024-03-16
Lempster,2023,2023-12-14,124455707,128273707,5.77,3.82,1.77,15.75,27.11,3445743,2024-03-16
Lincoln,2023,2023-10-24,1263856674,1275252074,5.93,1.54,1.45,2.76,11.68,14825921,2024-03-16
Lisbon,2023,2023-11-14,116489285,120881485,12.50,1.46,2.23,18.07,34.26,4125205,2024-03-16
Litchfield,2023,2023-10-18,1159921192,1211105492,4.09,1.18,1.71,13.96,20.94,24952005,2024-03-16
Littleton,2023,2023-11-14,652775766,727284266,5.68,2.08,1.82,12.96,22.54,16118882,2024-03-16
Livermore (U),2023,2024-01-22,189600,189600,-0.75,0.75,1.04,-1.04,0.00,0,2024-03-16
Londonderry,2023,2023-12-04,5693506476,6308922276,3.47,0.68,1.24,10.26,15.65,97003268,2024-03-16
Loudon,2023,2023-11-27,704072632,723714232,5.77,2.36,1.57,11.14,20.84,14804763,2024-03-16
Low & Burbank's Grant (U),2023,2024-01-23,1,1,0.00,0.00,0.00,0.00,0.00,0,2024-03-16
Lyman,2023,2023-11-21,74611670,77046670,7.85,1.46,1.83,10.46,21.60,1637151,2024-03-16
Lyme,2023,2023-10-26,406136900,410862100,5.13,1.31,1.61,17.30,25.35,10370746,2024-03-16
Lyndeborough,2023,2023-11-08,218112598,220994598,8.50,1.11,1.71,12.45,23.77,5208914,2024-03-16
Madbury,2023,2023-10-26,282558413,303447313,4.64,2.63,1.79,17.91,26.97,8095833,2024-03-16
Madison,2023,2023-10-26,595143879,605501579,4.72,1.37,1.93,8.96,16.98,10962707,2024-03-16
Manchester,2023,2023-11-15,12928025278,13303442778,8.89,1.06,1.52,7.39,18.86,249037211,2024-03-16
Marlborough,2023,2023-11-13,215759716,222219116,6.53,2.99,1.49,13.57,24.58,5407221,2024-03-16
Marlow,2023,2023-11-06,73037081,74398681,6.79,3.94,1.68,16.41,28.82,2103932,2024-03-16
Martin's Location (U),2023,2024-01-22,1,532000,30.02,3.54,0.00,0.00,33.56,17854,2024-03-16
Mason,2023,2023-10-13,208871904,214730849,8.67,1.09,1.60,12.36,23.72,5048341,2024-03-16
Meredith,2023,2023-11-21,3830968852,3850478052,3.24,1.02,1.23,4.40,9.89,37761608,2024-03-16
Merrimack,2023,2023-11-03,4798854559,4966343359,4.05,1.04,1.49,12.87,19.45,95571519,2024-03-16
Middleton,2023,2023-11-22,356292653,361786753,4.32,1.58,1.23,7.91,15.04,5464696,2024-03-16
Milan,2023,2023-11-22,133453442,151244942,1.97,4.20,1.76,13.89,21.82,3258852,2024-03-16
Milford,2023,2023-10-24,2032798141,2069867641,4.93,1.14,1.53,14.57,22.17,45587664,2024-03-16
Millsfield (U),2023,2024-01-23,12463275,12566275,-27.75,24.11,1.20,2.44,0.00,-123,2024-03-16
Milton,2023,2023-11-28,490140602,504551238,7.65,2.95,2.10,11.84,24.54,12098300,2024-03-16
Monroe,2023,2023-11-30,139042144,570875344,1.64,1.33,1.20,5.56,9.73,4992318,2024-03-16
Mont Vernon,2023,2023-11-30,327155256,330990656,5.48,1.38,1.99,20.19,29.04,9556336,2024-03-16
Moultonborough,2023,2023-11-03,5612601921,5645539221,1.86,0.88,1.19,1.77,5.70,31967853,2024-03-16
Nashua,2023,2023-11-17,13456936906,13880758706,7.87,0.96,1.57,7.83,18.23,250991621,2024-03-16
Nelson,2023,2023-11-02,161923984,167403684,5.52,2.41,1.35,5.64,14.92,2495395,2024-03-16
New Boston,2023,2023-10-24,936868044,948557044,4.58,1.03,1.46,13.28,20.35,19106570,2024-03-16
New Castle,2023,2023-11-07,1073638679,1075448379,2.55,0.67,1.49,0.27,4.98,5329036,2024-03-16
New Durham,2023,2023-12-26,614733650,619831381,5.63,2.44,1.73,10.20,20.00,12310769,2024-03-16
New Hampton,2023,2023-11-14,529970462,576785762,4.07,0.94,1.23,5.97,12.21,6905872,2024-03-16
New Ipswich,2023,2023-10-23,495596132,507571732,4.47,1.31,1.81,18.11,25.70,12782418,2024-03-16
New London,2023,2023-11-03,2031918157,2048994157,3.05,1.74,1.19,4.83,10.81,22466901,2024-03-16
Newbury,2023,2023-12-08,1118075780,1123948380,3.80,2.28,1.41,5.56,13.05,14540423,2024-03-16
Newfields,2023,2023-11-22,448654969,451204188,2.76,0.58,1.24,11.21,15.79,7079553,2024-03-16
Newington,2023,2023-11-08,597556391,920487591,6.16,0.83,1.86,1.33,10.18,8727662,2024-03-16
Newmarket,2023,2023-10-26,1000610899,1006662399,6.79,0.92,1.97,19.81,29.49,29470552,2024-03-16
Newport,2023,2023-12-01,723441256,746339856,7.62,2.00,1.23,12.73,23.58,17466829,2024-03-16
Newton,2023,2023-11-26,641007677,655350377,3.63,0.83,1.90,18.25,24.61,15953074,2024-03-16
North Hampton,2023,2023-11-27,1773346700,1795479100,4.14,0.67,1.33,6.31,12.45,22184528,2024-03-16
Northfield,2023,2023-12-01,575561088,590169088,4.95,1.77,1.29,6.04,14.05,9212333,2024-03-16
Northumberland,2023,2023-12-01,153540562,231949722,8.34,3.31,1.32,8.41,21.38,4959525,2024-03-16
Northwood,2023,2023-12-04,941068635,958516635,1.88,0.59,1.35,9.98,13.80,13165070,2024-03-16
Nottingham,2023,2023-12-04,809221648,832146848,4.03,0.84,1.73,14.84,21.44,17535942,2024-03-16
Odell (U),2023,2024-01-22,3440431,3440431,3.05,3.00,1.44,-1.44,6.05,20814,2024-03-16
Orange,2023,2023-10-18,36255183,37200383,4.75,1.15,1.45,16.12,23.47,867722,2024-03-16
Orford,2023,2023-11-02,157789604,160400904,8.63,1.58,1.62,20.87,32.70,5198179,2024-03-16
Ossipee,2023,2023-12-11,1511004941,1529429141,3.24,0.73,0.99,5.41,10.37,17433375,2024-03-16
Pelham,2023,2023-10-20,2658306538,2737437647,5.43,0.97,1.39,10.40,18.19,49382916,2024-03-16
Pembroke,2023,2023-10-19,771321448,794536548,5.99,2.49,1.83,17.57,27.88,21952195,2024-03-16
Penacook,2023,2023-11-21,0,0,9.51,2.17,1.55,15.92,29.15,0,2024-03-16
Peterborough,2023,2023-11-13,842402158,856864758,9.17,1.20,1.66,16.16,28.19,23930885,2024-03-16
Piermont,2023,2023-11-08,129579780,133014280,5.12,1.16,1.38,15.26,22.92,3014898,2024-03-16
Pinkham's Grant (U),2023,2024-01-22,2631530,2885630,9.57,6.03,2.73,-2.49,15.84,45014,2024-03-16
Pittsburg,2023,2023-10-25,577655446,593455846,2.16,2.54,1.10,3.80,9.60,5668596,2024-03-16
Pittsfield,2023,2023-10-25,352151213,361471513,7.97,2.38,1.66,12.96,24.97,8949872,2024-03-16
Plainfield,2023,2023-10-19,532365744,542261444,3.46,1.73,1.11,9.45,15.75,8472234,2024-03-16
Plaistow,2023,2023-10-31,1334941720,1371005410,5.38,0.77,1.50,14.69,22.34,30335665,2024-03-16
Plymouth,2023,2023-11-20,711336270,739377470,11.09,1.18,1.22,10.89,24.38,17928228,2024-03-16
Portsmouth,2023,2023-11-16,6394367400,6577145132,7.17,0.85,1.78,6.33,16.13,105055397,2024-03-16
Randolph,2023,2023-11-27,66361951,75856351,6.15,4.20,1.72,7.47,19.54,1460204,2024-03-16
Raymond,2023,2023-11-13,1329058881,1354042681,4.49,0.76,1.52,13.95,20.72,27531288,2024-03-16
Richmond,2023,2023-12-07,159915904,172712434,2.26,2.53,1.15,8.75,14.69,2486429,2024-03-16
Rindge,2023,2023-11-01,728075011,743203511,3.75,3.76,1.82,15.71,25.04,18347782,2024-03-16
Rochester,2023,2023-12-08,2737262861,2850005061,7.74,2.99,2.00,13.01,25.74,72404721,2024-03-16
Rollinsford,2023,2023-11-14,471207699,477321399,3.38,1.77,1.20,9.03,15.38,7286966,2024-03-16
Roxbury,2023,2023-11-30,23621762,24542362,6.91,3.63,1.77,15.21,27.52,673277,2024-03-16
Rumney,2023,2023-11-07,188632780,200932680,5.20,1.82,2.31,14.55,23.88,4731734,2024-03-16
Rye,2023,2023-11-17,3246737300,3263133200,2.26,0.70,1.41,3.66,8.03,27368042,2024-03-16
Salem,2023,2023-10-18,6432345198,6559418798,5.48,0.73,1.51,9.24,16.96,110239362,2024-03-16
Salisbury,2023,2023-11-22,232905307,249776107,3.89,1.74,1.27,9.30,16.20,3983947,2024-03-16
Sanbornton,2023,2023-12-13,948018097,954601397,5.20,0.90,1.12,4.82,12.04,11378477,2024-03-16
Sandown,2023,2023-10-24,1129936470,1139191070,3.35,0.61,1.26,15.68,20.90,23586183,2024-03-16
Sandwich,2023,2023-11-14,447920888,456657988,5.25,1.37,1.89,6.91,15.42,6919149,2024-03-16
Sargent's Purchase (U),2023,2024-01-23,2461220,2461220,-2.92,2.92,1.32,-1.32,0.00,0,2024-03-16
Seabrook,2023,2023-12-07,2171380850,3476040200,7.05,0.77,1.53,5.74,15.09,50049880,2024-03-16
Second College Grant (U),2023,2024-01-22,1746630,1746630,-2.84,2.84,1.50,-1.50,0.00,0,2024-03-16
Sharon,2023,2023-11-13,58276077,58998077,5.72,1.15,1.58,14.82,23.27,1366945,2024-03-16
Shelburne,2023,2023-11-22,58994950,83907050,5.19,3.80,1.45,7.17,17.61,1437882,2024-03-16
Somersworth,2023,2023-11-21,1124114851,1146259651,8.91,2.65,1.85,15.89,29.30,33214939,2024-03-16
South Hampton,2023,2023-11-17,262299023,267893523,3.18,0.55,1.10,8.97,13.80,3675536,2024-03-16
Springfield,2023,2023-11-21,237783368,246365668,5.24,2.88,1.80,13.35,23.27,5727403,2024-03-16
Stark,2023,2023-10-25,63220709,76020179,3.59,5.31,1.63,10.19,20.72,1521625,2024-03-16
Stewartstown,2023,2023-11-15,182905306,205467806,1.94,2.52,0.93,9.29,14.68,2978785,2024-03-16
Stoddard,2023,2023-11-28,292774810,304771910,3.08,3.56,1.89,8.45,16.98,5175876,2024-03-16
Strafford,2023,2023-10-24,709980100,724963900,3.19,2.55,1.56,11.34,18.64,13446753,2024-03-16
Stratford,2023,2023-11-09,72730998,106045898,5.29,4.02,1.31,8.49,19.11,1975396,2024-03-16
Stratham,2023,2023-11-07,1581528237,1608852837,3.15,0.86,1.77,15.13,20.91,33316647,2024-03-16
Success (U),2023,2024-01-22,15181393,15255993,1.34,3.21,1.47,-1.46,4.56,69458,2024-03-16
Sugar Hill,2023,2023-11-20,167288317,170288917,8.90,1.82,2.30,9.74,22.76,3855374,2024-03-16
Sullivan,2023,2023-10-25,61384776,66103176,8.82,3.24,1.78,18.96,32.80,2153535,2024-03-16
Sunapee,2023,2023-11-17,2365856812,2396653812,2.15,2.19,1.13,4.21,9.68,23089809,2024-03-16
Surry,2023,2023-10-11,131586939,137506939,2.53,2.26,1.25,9.98,16.02,2176662,2024-03-16
Sutton,2023,2023-10-26,321697618,326580608,7.21,2.42,1.89,13.85,25.37,8202620,2024-03-16
Swanzey,2023,2023-11-02,623563769,645064402,7.55,3.63,1.81,13.88,26.87,17104691,2024-03-16
Tamworth,2023,2023-11-03,393807996,402519178,7.19,1.38,2.03,14.63,25.23,10051475,2024-03-16
Temple,2023,2023-11-15,165040661,167831861,5.83,1.25,1.85,15.86,24.79,4121588,2024-03-16
Thomson & Meserve's Purchase (U),2023,2024-01-22,7381950,7413950,0.02,3.38,1.55,-1.54,3.41,25232,2024-03-16
Thornton,2023,2023-11-16,462983071,469691671,3.82,1.71,1.70,13.53,20.76,10138680,2024-03-16
Tilton,2023,2023-12-01,607313122,639250722,6.02,1.39,2.05,8.25,17.71,12892205,2024-03-16
Troy,2023,2023-11-29,215790486,239466286,6.41,2.40,1.13,8.14,18.08,4252997,2024-03-16
Tuftonboro,2023,2023-11-13,1856068730,1871661030,2.23,0.92,1.30,2.82,7.27,13444829,2024-03-16
Unity,2023,2023-11-08,134370385,137342985,9.32,2.75,1.82,16.07,29.96,4033636,2024-03-16
Wakefield,2023,2023-11-09,2259239622,2278100822,1.72,0.70,1.10,3.33,6.85,15302244,2024-03-16
Walpole,2023,2023-12-11,705044814,751062314,3.49,2.43,1.17,9.15,16.24,12888425,2024-03-16
Warner,2023,2023-10-27,319526750,327540150,10.28,2.48,1.86,17.10,31.72,10472193,2024-03-16
Warren,2023,2023-11-30,95332431,109838031,6.84,1.48,1.55,12.88,22.75,2454231,2024-03-16
Washington,2023,2023-11-13,366471887,370678338,5.19,2.30,1.33,6.41,15.23,5749939,2024-03-16
Waterville Valley,2023,2023-10-09,500611367,503998167,7.46,1.23,1.25,2.11,12.05,6061970,2024-03-16
Weare,2023,2023-11-07,1255309444,1290670044,3.76,1.02,1.46,12.60,18.84,24048197,2024-03-16
Webster,2023,2023-11-30,348737527,375931527,4.31,1.66,1.28,7.63,14.88,5657632,2024-03-16
Wentworth,2023,2023-11-03,124383085,130659285,8.64,1.53,1.42,13.62,25.21,3234008,2024-03-16
Wentworth's Location (U),2023,2024-01-22,13683150,13849850,3.45,2.16,0.97,0.49,7.07,97757,2024-03-16
Westmoreland,2023,2023-11-06,198510459,201931559,4.49,2.87,1.46,12.47,21.29,4276929,2024-03-16
Whitefield,2023,2023-11-16,221797462,241820262,8.33,4.47,1.81,11.28,25.89,6171986,2024-03-16
Wilmot,2023,2023-10-19,225971024,230225524,6.75,2.13,1.74,13.55,24.17,5523298,2024-03-16
Wilton,2023,2023-11-26,558375622,565548022,7.57,0.99,1.46,12.18,22.20,12373195,2024-03-16
Winchester,2023,2023-12-07,303508761,337723030,8.26,3.37,1.75,18.30,31.68,10481940,2024-03-16
Windham,2023,2023-11-07,3127337390,3160525990,3.82,0.88,1.83,14.87,21.40,67219436,2024-03-16
Windsor,2023,2023-11-06,36745601,37511601,1.32,0.87,1.34,7.39,10.92,401200,2024-03-16
Wolfeboro,2023,2023-11-28,2452341529,2452650429,6.02,1.35,1.84,5.48,14.69,35810462,2024-03-16
Woodstock,2023,2023-10-24,285709419,292244319,8.40,1.92,1.95,7.17,19.44,5623236,2024-03-16